          54
           6
           9
           1
           2
           2
           2
           3
           2
           4
           2
           5
           2
           6
           2
  0.2363743E+06
  0.1481517E+06
  0.1424257E+06
  0.1440352E+06
  0.1353866E+06
  0.1222476E+06
  0.1138461E+06
  0.1023737E+06
  0.9433280E+05
  0.7580650E+05
  0.7560531E+05
  0.7226798E+05
  0.6702400E+05
  0.6251593E+05
  0.5980959E+05
  0.5054593E+05
  0.4535393E+05
  0.4187735E+05
  0.4054458E+05
  0.3751173E+05
  0.3609443E+05
  0.3361173E+05
  0.3150331E+05
  0.2820915E+05
  0.2505197E+05
  0.2356636E+05
  0.2242207E+05
  0.1923387E+05
  0.1787231E+05
  0.1656738E+05
  0.1504993E+05
  0.1394059E+05
  0.1275836E+05
  0.1169957E+05
  0.1102852E+05
  0.9385732E+04
  0.9090887E+04
  0.8492211E+04
  0.8093203E+04
  0.7671077E+04
  0.7520443E+04
  0.6277141E+04
  0.5397138E+04
  0.4617928E+04
  0.3493219E+04
  0.3598592E+04
  0.2120836E+04
  0.1252585E+04
 -0.1326282E+01
  0.2496936E+02
  0.1940530E+03
  0.3069376E+03
  0.7615403E+03
  0.6231079E+03
  0.1000000E+00
  0.2000000E+00
  0.3000000E+00
  0.4000000E+00
  0.5000000E+00
  0.6000000E+00
  0.7000000E+00
  0.8000000E+00
  0.9000000E+00
 -0.2215630E-01
  0.1102944E-01
 -0.2903965E-02
  0.3711719E-03
 -0.7229566E-05
 -0.6211806E-04
 -0.3658969E-01
  0.2580737E-01
 -0.1051361E-01
  0.2571618E-02
 -0.2367573E-03
 -0.4541103E-03
 -0.5415696E-01
  0.4672792E-01
 -0.2299254E-01
  0.6704036E-02
 -0.6049159E-03
 -0.1269543E-02
 -0.7814446E-01
  0.7685301E-01
 -0.4202799E-01
  0.1332449E-01
 -0.1018624E-02
 -0.2617562E-02
 -0.1129729E+00
  0.1212976E+00
 -0.7048638E-01
  0.2304570E-01
 -0.1313721E-02
 -0.4332316E-02
 -0.1658888E+00
  0.1890991E+00
 -0.1132409E+00
  0.3682665E-01
 -0.1700545E-02
 -0.6366181E-02
 -0.2510996E+00
  0.2976890E+00
 -0.1792226E+00
  0.5679316E-01
 -0.2760148E-02
 -0.8204773E-02
 -0.4023474E+00
  0.4893754E+00
 -0.2898801E+00
  0.9127920E-01
 -0.7431224E-02
 -0.7456673E-02
 -0.8141736E+00
  0.1000000E+01
 -0.5773128E+00
  0.1857048E+00
 -0.3076865E-01
  0.2187283E-02
 -0.2914569E-02
  0.3543862E-02
 -0.2615593E-02
  0.6750076E-02
 -0.7429941E-01
  0.2627565E+00
 -0.1828697E-03
  0.1496107E-02
 -0.2091274E-01
  0.1413789E+00
 -0.5252412E+00
  0.1000000E+01
  0.3607269E-02
 -0.3363148E-02
 -0.2813389E-01
  0.1826923E+00
 -0.5577617E+00
  0.8853683E+00
  0.6541110E-02
 -0.7578237E-02
 -0.2263764E-01
  0.1441853E+00
 -0.3842975E+00
  0.5432548E+00
  0.9155829E-02
 -0.1062806E-01
 -0.1595293E-01
  0.1045522E+00
 -0.2448926E+00
  0.3130888E+00
  0.1083274E-01
 -0.1294301E-01
 -0.1211752E-01
  0.7819623E-01
 -0.1590087E+00
  0.1829151E+00
  0.1292691E-01
 -0.1403586E-01
 -0.1160597E-01
  0.6215044E-01
 -0.1070334E+00
  0.1081737E+00
  0.1627410E-01
 -0.1392366E-01
 -0.1327758E-01
  0.5095637E-01
 -0.7217688E-01
  0.6134220E-01
  0.6114867E-02
  0.1898264E-02
 -0.2181209E-01
  0.4009610E-01
 -0.4262951E-01
  0.2906059E-01
  0.2817905E-02
 -0.3024877E-03
 -0.7861040E-02
  0.6320361E-01
 -0.2510848E+00
  0.5734113E+00
 -0.2554448E-02
  0.5383232E-02
  0.2798865E-01
 -0.1866155E+00
  0.5886454E+00
 -0.9677264E+00
  0.1852638E-02
  0.3870529E-02
 -0.3556834E-01
  0.1932294E+00
 -0.6307437E+00
  0.1000000E+01
  0.6764507E-02
 -0.3767837E-02
 -0.3631508E-01
  0.2010000E+00
 -0.5632522E+00
  0.7909892E+00
  0.1109326E-01
 -0.9971007E-02
 -0.2581019E-01
  0.1494207E+00
 -0.3689552E+00
  0.4690765E+00
  0.1393688E-01
 -0.1473502E-01
 -0.1899529E-01
  0.1114604E+00
 -0.2395263E+00
  0.2738855E+00
  0.1754847E-01
 -0.1754515E-01
 -0.1745455E-01
  0.8852581E-01
 -0.1608616E+00
  0.1612204E+00
  0.2376084E-01
 -0.1903204E-01
 -0.1933074E-01
  0.7299584E-01
 -0.1083971E+00
  0.9097923E-01
  0.1019493E-01
  0.2719796E-02
 -0.3189529E-01
  0.5827503E-01
 -0.6411012E-01
  0.4292492E-01
 -0.2290952E-02
  0.2118107E-02
  0.8070838E-02
 -0.8900810E-01
  0.4013747E+00
 -0.1000000E+01
 -0.3595175E-02
  0.4084553E-02
  0.3107825E-03
 -0.2338534E-01
  0.4405446E-01
 -0.5105959E-01
 -0.4773651E-03
  0.1584466E-02
 -0.2038991E-01
  0.1089184E+00
 -0.3500389E+00
  0.5503097E+00
  0.2235723E-02
 -0.2260036E-02
 -0.1851632E-01
  0.1011220E+00
 -0.2809516E+00
  0.3931894E+00
  0.4526358E-02
 -0.5177400E-02
 -0.1311552E-01
  0.7447275E-01
 -0.1822201E+00
  0.2307667E+00
  0.6014299E-02
 -0.7371722E-02
 -0.9748508E-02
  0.5557391E-01
 -0.1182846E+00
  0.1346431E+00
  0.7807340E-02
 -0.8580091E-02
 -0.8991888E-02
  0.4414855E-01
 -0.7948585E-01
  0.7928775E-01
  0.1073338E-01
 -0.9017958E-02
 -0.9932288E-02
  0.3636617E-01
 -0.5356693E-01
  0.4476624E-01
  0.4646644E-02
  0.1184772E-02
 -0.1566948E-01
  0.2881809E-01
 -0.3164080E-01
  0.2112644E-01
 -0.8910462E-04
  0.9420056E-03
 -0.5261564E-03
 -0.3447658E-03
  0.1645241E-02
 -0.5209028E-03
 -0.5382655E-03
  0.2078280E-02
 -0.2432137E-03
 -0.4418682E-02
  0.6793411E-02
  0.7953740E-02
 -0.3546665E-02
  0.3948231E-02
  0.2205528E-01
 -0.1077286E+00
  0.2532833E+00
 -0.2967229E+00
  0.4425813E-02
 -0.4801469E-03
 -0.4314668E-01
  0.2400172E+00
 -0.7029049E+00
  0.1000000E+01
  0.1133457E-01
 -0.1008822E-01
 -0.3212479E-01
  0.1911651E+00
 -0.4935884E+00
  0.6362915E+00
  0.1613888E-01
 -0.1797277E-01
 -0.2247164E-01
  0.1421393E+00
 -0.3204116E+00
  0.3724558E+00
  0.2235883E-01
 -0.2339749E-01
 -0.1990831E-01
  0.1125670E+00
 -0.2143587E+00
  0.2185409E+00
  0.3388573E-01
 -0.2845321E-01
 -0.2178344E-01
  0.9323109E-01
 -0.1443978E+00
  0.1230183E+00
  0.1474202E-01
  0.2591328E-02
 -0.4117242E-01
  0.7615475E-01
 -0.8575395E-01
  0.5795944E-01
 -0.8463727E-03
  0.2904933E-03
  0.8192058E-03
  0.2320834E-03
 -0.1220905E-02
 -0.9685508E-04
 -0.1166434E-02
  0.2353411E-03
  0.8281806E-03
  0.5722814E-02
 -0.1101427E-01
 -0.3839282E-03
 -0.1235073E-02
  0.4817342E-03
 -0.3230531E-02
  0.2319061E-01
 -0.3654849E-01
  0.6432107E-02
 -0.2853277E-03
  0.2013823E-02
 -0.2093944E-01
  0.8216673E-01
 -0.1356831E+00
  0.8550095E-01
 -0.1470246E-01
  0.1232851E-01
  0.4636738E-01
 -0.2674179E+00
  0.7496986E+00
 -0.1000000E+01
 -0.2724603E-01
  0.3069115E-01
  0.2762612E-01
 -0.1967985E+00
  0.4868772E+00
 -0.5898536E+00
 -0.4531704E-01
  0.4786243E-01
  0.1939238E-01
 -0.1537654E+00
  0.3220760E+00
 -0.3432814E+00
 -0.8608271E-01
  0.7751867E-01
  0.1434510E-01
 -0.1272119E+00
  0.2163909E+00
 -0.1920669E+00
 -0.3406741E-01
  0.2049874E-02
  0.6279512E-01
 -0.1125444E+00
  0.1298585E+00
 -0.9004341E-01
 -0.4112937E-01
  0.1578659E-01
 -0.3532082E-02
  0.2490550E-03
  0.9680211E-04
  0.1463638E-03
 -0.6649717E-01
  0.3678056E-01
 -0.1232164E-01
  0.1964575E-02
  0.2471596E-03
  0.5915529E-03
 -0.9671890E-01
  0.6606139E-01
 -0.2620553E-01
  0.4936012E-02
  0.3917299E-05
  0.1971421E-02
 -0.1378669E+00
  0.1077607E+00
 -0.4658263E-01
  0.1010393E-01
 -0.2350924E-02
  0.6096171E-02
 -0.1984096E+00
  0.1691759E+00
 -0.7750633E-01
  0.2366374E-01
 -0.2062506E-01
  0.2890410E-01
 -0.2962260E+00
  0.2669851E+00
 -0.1186560E+00
  0.1700342E-01
  0.1361443E-01
 -0.1138104E-01
 -0.4771934E+00
  0.4454378E+00
 -0.1925114E+00
  0.2316067E-01
  0.2024763E-01
 -0.1592401E-01
 -0.1000000E+01
  0.9613294E+00
 -0.4030472E+00
  0.7349759E-01
  0.2485991E-02
  0.2712913E-03
 -0.2646701E+00
  0.1799743E+00
  0.1201649E-02
 -0.2931428E-01
 -0.2002223E-02
  0.1337034E-01
  0.3037314E-02
  0.2543174E-02
 -0.1817692E-02
  0.4723602E-04
  0.1250177E-02
  0.1254924E-03
  0.3252496E-02
  0.6387115E-02
 -0.4999188E-02
 -0.3058811E-02
  0.8843104E-02
  0.2284502E-02
  0.2256542E-02
  0.1188267E-01
 -0.7659033E-02
 -0.1177028E-01
  0.2162231E-01
  0.7657849E-02
 -0.2529845E-03
  0.1931196E-01
 -0.8240639E-02
 -0.2809918E-01
  0.3863614E-01
  0.1729561E-01
 -0.4956843E-02
  0.2886635E-01
 -0.4513511E-02
 -0.5465836E-01
  0.5900863E-01
  0.3191068E-01
  0.2809487E-02
  0.2928391E-01
 -0.8380177E-01
  0.2973586E+00
 -0.7818207E+00
  0.1000000E+01
 -0.2111531E-03
  0.3564019E-01
 -0.8798242E-01
  0.2294462E+00
 -0.4908212E+00
  0.5551545E+00
 -0.3148197E-01
  0.9616642E-01
 -0.1379500E+00
  0.2144365E+00
 -0.3319036E+00
  0.3068256E+00
  0.5401084E-01
  0.8478325E-01
 -0.1858293E+00
  0.2101464E+00
 -0.2117148E+00
  0.1467503E+00
 -0.4288342E-01
  0.1080876E-02
  0.2616635E-02
 -0.1427037E-02
  0.1198930E-02
  0.1843783E-03
 -0.6309998E-01
  0.1402568E-02
  0.1165005E-01
 -0.1006247E-01
  0.7698791E-02
  0.2310657E-02
 -0.8269123E-01
 -0.7586986E-03
  0.2863651E-01
 -0.2667553E-01
  0.1671625E-01
  0.7406300E-02
 -0.1050707E+00
 -0.7673808E-02
  0.5674104E-01
 -0.5136055E-01
  0.2565624E-01
  0.1586111E-01
 -0.1323008E+00
 -0.2327948E-01
  0.1008672E+00
 -0.8446920E-01
  0.3044894E-01
  0.2983957E-01
 -0.1663717E+00
 -0.5436827E-01
  0.1650099E+00
 -0.1085659E+00
 -0.1241138E-01
  0.9464932E-01
 -0.2124898E+00
 -0.1144270E+00
  0.2822006E+00
 -0.2019405E+00
  0.7008118E-01
  0.1251964E-01
 -0.2400276E+00
 -0.2755453E+00
  0.4979208E+00
 -0.3179206E+00
  0.1031119E+00
  0.1361556E-02
 -0.5146596E+00
 -0.5443094E+00
  0.1000000E+01
 -0.5910689E+00
  0.1707952E+00
 -0.1231716E-01
  0.2321217E-02
  0.2400374E-02
 -0.6089448E-01
  0.3284757E+00
 -0.1000000E+01
 -0.2214809E+00
  0.3345460E-02
 -0.2169199E-02
 -0.2750859E-01
  0.1005819E+00
 -0.2325861E+00
 -0.7873095E-01
  0.4561262E-02
 -0.4266322E-02
 -0.1623460E-01
  0.5119766E-01
 -0.9867167E-01
 -0.3963440E-01
  0.6596548E-02
 -0.6272038E-02
 -0.1205035E-01
  0.3728813E-01
 -0.6055664E-01
 -0.2821410E-01
  0.9546106E-02
 -0.8505622E-02
 -0.1154424E-01
  0.3498329E-01
 -0.4486362E-01
 -0.2813227E-01
  0.1461341E-01
 -0.1166047E-01
 -0.1305967E-01
  0.3488779E-01
 -0.2724543E-01
 -0.4319267E-01
  0.1546387E-01
 -0.8430583E-02
  0.5870269E-02
 -0.6932446E-01
  0.2239025E+00
 -0.3138486E+00
  0.1346847E-01
 -0.2726410E-02
  0.2595042E-02
 -0.5106896E-01
  0.1350227E+00
 -0.1606224E+00
  0.1285991E-01
  0.9259999E-02
 -0.4208906E-02
 -0.3774675E-01
  0.7876633E-01
 -0.7424220E-01
  0.4145369E-02
 -0.2976973E-02
  0.1073098E-01
 -0.4931954E-01
  0.1455344E+00
  0.3288532E-01
  0.7505241E-02
 -0.5838492E-02
  0.3701451E-02
  0.3231083E-02
 -0.7264878E-02
 -0.5716321E-03
  0.1199679E-01
 -0.1049258E-01
  0.2550602E-03
  0.2368815E-01
 -0.4028855E-01
 -0.1555373E-01
  0.1858996E-01
 -0.1663720E-01
 -0.3942346E-02
  0.4154571E-01
 -0.5575469E-01
 -0.3065030E-01
  0.2839645E-01
 -0.2412048E-01
 -0.1119278E-01
  0.6096664E-01
 -0.6041254E-01
 -0.5579212E-01
  0.4446883E-01
 -0.3363009E-01
 -0.2164705E-01
  0.7330501E-01
 -0.2895924E-01
 -0.1210228E+00
  0.4645146E-01
 -0.2164730E-01
  0.3476730E-01
 -0.2536051E+00
  0.7622230E+00
 -0.1000000E+01
  0.4439967E-01
 -0.5071464E-02
  0.1986577E-01
 -0.1838487E+00
  0.4539400E+00
 -0.5014952E+00
  0.4935579E-01
  0.4216994E-01
 -0.1882491E-01
 -0.1272548E+00
  0.2604936E+00
 -0.2288084E+00
 -0.3844868E-02
  0.5000173E-03
  0.2148885E-01
 -0.5543127E-01
  0.8530314E-01
  0.3492471E-01
 -0.2349426E-03
  0.1321424E-01
 -0.1173947E+00
  0.4881624E+00
 -0.1000000E+01
 -0.3081795E+00
  0.3650014E-04
  0.5608731E-02
 -0.6575831E-01
  0.2141520E+00
 -0.3671258E+00
 -0.1430830E+00
  0.2871942E-03
  0.3015617E-02
 -0.4278539E-01
  0.1168243E+00
 -0.1780045E+00
 -0.7636121E-01
 -0.3961787E-03
  0.2490098E-02
 -0.3141167E-01
  0.7434236E-01
 -0.1034394E+00
 -0.4226110E-01
 -0.9238186E-03
  0.1534345E-02
 -0.2429684E-01
  0.5348236E-01
 -0.7097757E-01
 -0.1741554E-01
  0.1124435E-03
 -0.1577924E-02
 -0.2322245E-01
  0.6168093E-01
 -0.9993133E-01
  0.4981144E-01
 -0.3235708E-02
 -0.1939020E-02
 -0.1743871E-01
  0.4170873E-01
 -0.5206629E-01
  0.1131165E-01
 -0.1174067E-01
 -0.1633386E-01
  0.4780870E-02
  0.1993411E-01
 -0.2507044E-01
  0.1435291E-02
  0.2068663E-02
 -0.2066459E-02
 -0.4957539E-02
  0.7263052E-02
 -0.2194791E-02
 -0.5277318E-03
  0.2890800E-02
  0.1998641E-02
 -0.2737140E-01
  0.3970261E-01
 -0.6507170E-02
 -0.2471736E-01
 -0.1865302E-02
 -0.2144964E-01
  0.1632407E+00
 -0.5953183E+00
  0.1000000E+01
  0.3561362E+00
 -0.4885242E-02
 -0.9996901E-02
  0.1035647E+00
 -0.3219306E+00
  0.4771437E+00
  0.1976798E+00
 -0.5855532E-02
 -0.5343505E-02
  0.7633404E-01
 -0.2075184E+00
  0.2757461E+00
  0.1176087E+00
 -0.8985865E-02
  0.6122153E-03
  0.6064379E-01
 -0.1516662E+00
  0.1824391E+00
  0.6607269E-01
 -0.1869928E-01
  0.1193198E-01
  0.5250852E-01
 -0.1328587E+00
  0.1615484E+00
 -0.2062685E-02
 -0.3689657E-02
  0.3192384E-02
  0.4672566E-01
 -0.9084765E-01
  0.7525123E-01
  0.3690760E-01
  0.1745851E-01
  0.3148167E-01
  0.1849966E-02
 -0.4533456E-01
  0.3295779E-01
  0.2574977E-01
  0.5025682E-01
 -0.1933106E-01
  0.3043391E-02
 -0.7398199E-03
  0.2056106E-03
 -0.5048727E-05
  0.8192088E-01
 -0.4433362E-01
  0.1154219E-01
 -0.4559234E-02
  0.8421460E-03
  0.2266773E-03
  0.1207930E+00
 -0.7932186E-01
  0.2659093E-01
 -0.1295478E-01
  0.5322731E-02
  0.2417655E-02
  0.1763566E+00
 -0.1288427E+00
  0.4141792E-01
 -0.3457036E-02
 -0.1767727E-01
 -0.6854058E-02
  0.2655009E+00
 -0.2060721E+00
  0.6801041E-01
 -0.5832497E-02
 -0.2195401E-01
 -0.9745381E-02
  0.4354411E+00
 -0.3484252E+00
  0.1161746E+00
 -0.1268776E-01
 -0.2043414E-01
 -0.1118553E-01
  0.1000000E+01
 -0.8054886E+00
  0.2711298E+00
 -0.4038074E-01
 -0.1353095E-01
 -0.5649056E-02
  0.3398592E+00
 -0.2521200E+00
  0.4009407E-01
 -0.2776838E-01
  0.5429264E-01
 -0.6587820E-01
  0.1185844E+00
 -0.9827337E-01
  0.1420285E-01
 -0.3361493E-01
  0.4383026E-01
 -0.3552719E-01
  0.1039467E-01
 -0.3020170E-02
 -0.3098015E-02
  0.4518351E-02
  0.7933359E-04
 -0.1564373E-03
  0.1589488E-01
 -0.2989413E-02
 -0.1501276E-01
  0.1879249E-01
  0.7157396E-02
 -0.4610524E-02
  0.2067888E-01
  0.1350455E-02
 -0.3398797E-01
  0.2893454E-01
  0.3861112E-01
 -0.1767848E-01
  0.1888723E-01
 -0.3563694E-01
  0.1990843E+00
 -0.6697289E+00
  0.1000000E+01
  0.3763572E+00
  0.2292923E-01
 -0.3191040E-01
  0.1474366E+00
 -0.4219939E+00
  0.5580130E+00
  0.2322007E+00
  0.3118066E-01
 -0.3392306E-01
  0.1257448E+00
 -0.3085231E+00
  0.3567451E+00
  0.1462926E+00
  0.7157955E-01
 -0.6389223E-01
  0.1300603E+00
 -0.2556866E+00
  0.2627709E+00
  0.7115993E-01
  0.2488554E-01
 -0.2641426E-01
  0.1061431E+00
 -0.1800397E+00
  0.1167306E+00
  0.1131673E+00
  0.3610827E-01
  0.4036478E-01
  0.3583647E-01
 -0.1085812E+00
  0.5582039E-01
  0.6588319E-01
 -0.1083946E-01
 -0.3947964E-03
  0.2226840E-02
 -0.4641433E-02
 -0.4072263E-03
  0.4439884E-04
 -0.1546979E-01
 -0.3281129E-02
  0.1240222E-01
 -0.1893031E-01
 -0.5575669E-02
  0.1402791E-02
 -0.1893148E-01
 -0.1044979E-01
  0.3019372E-01
 -0.3507786E-01
 -0.2061369E-01
  0.6099026E-02
 -0.2082980E-01
 -0.2398830E-01
  0.5256968E-01
 -0.3816911E-01
 -0.6421918E-01
  0.1490315E-01
 -0.1643553E-01
  0.1641161E-01
 -0.2110128E+00
  0.7060171E+00
 -0.1000000E+01
 -0.3707908E+00
 -0.1060462E-01
  0.4474823E-02
 -0.1784281E+00
  0.5122293E+00
 -0.6190104E+00
 -0.2566410E+00
 -0.4704860E-01
  0.3402821E-01
 -0.1942682E+00
  0.4241501E+00
 -0.4175876E+00
 -0.1838364E+00
 -0.1310058E-01
  0.2965281E-01
 -0.2033961E+00
  0.3018086E+00
 -0.1243723E+00
 -0.3041819E+00
 -0.4448169E-01
 -0.7795908E-01
 -0.1323959E+00
  0.2337201E+00
 -0.8017926E-01
 -0.1502985E+00
 -0.2549602E-01
 -0.8600492E-02
  0.2352232E-03
  0.8410551E-03
  0.7389516E-04
  0.2515878E-04
 -0.3424583E-01
 -0.1667838E-01
  0.6566215E-03
  0.4821322E-02
  0.2784074E-03
  0.3498086E-03
 -0.4108894E-01
 -0.2589666E-01
  0.2168051E-03
  0.1133452E-01
 -0.8148653E-03
  0.1298816E-02
 -0.4825941E-01
 -0.3673660E-01
 -0.2522383E-02
  0.2281740E-01
 -0.6340940E-02
  0.3025573E-02
 -0.5694368E-01
 -0.4906952E-01
 -0.1484148E-01
  0.5725946E-01
 -0.3842315E-01
 -0.1329296E-02
 -0.7347155E-01
 -0.7102039E-01
  0.2226096E-02
  0.1213032E-01
  0.2245768E-01
  0.5307756E-01
 -0.1430184E-01
 -0.1669060E+00
  0.3059097E-01
  0.1760134E-01
 -0.2119515E-01
  0.1497451E+00
 -0.6316005E-01
 -0.2035546E+00
 -0.6892261E-01
  0.4008729E+00
 -0.8213755E+00
  0.1000000E+01
 -0.7058408E-01
 -0.2043971E+00
 -0.2876088E+00
  0.5420157E+00
 -0.5493763E+00
  0.4217928E+00
  0.7243240E-01
  0.2499009E-01
 -0.1372754E-02
  0.1921740E-02
 -0.3673209E-05
 -0.3842733E-04
  0.9691701E-01
  0.4995658E-01
 -0.8430670E-02
  0.3463951E-02
 -0.1840440E-02
 -0.3126014E-03
  0.1154753E+00
  0.8076875E-01
 -0.1948366E-01
  0.5925843E-02
 -0.7088546E-02
 -0.1803926E-02
  0.1343459E+00
  0.1209450E+00
 -0.3551535E-01
  0.1265945E-01
 -0.2224534E-01
 -0.7626747E-02
  0.1550203E+00
  0.1812066E+00
 -0.7085337E-01
  0.5188190E-01
 -0.7407259E-01
 -0.3246559E-01
  0.1745562E+00
  0.2359152E+00
  0.4981217E-01
 -0.3262271E+00
  0.3553122E+00
  0.1483491E+00
  0.2272845E+00
  0.3277275E+00
  0.9059314E-01
 -0.4002226E+00
  0.3002211E+00
  0.2012798E+00
  0.2742010E+00
  0.5565862E+00
  0.8422259E-01
 -0.3790148E+00
 -0.2011971E-01
  0.5255155E+00
  0.2003984E+00
  0.5337610E+00
  0.7775572E+00
 -0.1000000E+01
  0.3478096E+00
  0.1341859E+00
  0.5077115E-01
  0.5084666E-02
 -0.6552047E-02
  0.6793560E-02
  0.9145126E-03
  0.3880977E-04
  0.7203212E-01
  0.1462129E-01
 -0.2731780E-01
  0.2403195E-01
  0.5952314E-02
  0.1098331E-02
  0.9097164E-01
  0.3126153E-01
 -0.5859603E-01
  0.4203809E-01
  0.1398737E-01
  0.3889981E-02
  0.1118156E+00
  0.5801342E-01
 -0.1000687E+00
  0.5653861E-01
  0.2394160E-01
  0.1013975E-01
  0.1367223E+00
  0.1008429E+00
 -0.1546638E+00
  0.6726017E-01
  0.3693271E-01
  0.2443238E-01
  0.1770324E+00
  0.1900633E+00
 -0.3273857E+00
  0.3094884E+00
 -0.2151785E+00
 -0.6967941E-01
  0.2307318E+00
  0.3522942E+00
 -0.5080133E+00
  0.3537408E+00
 -0.1638556E+00
 -0.6061013E-01
  0.4124364E+00
  0.8507659E+00
 -0.1000000E+01
  0.5153796E+00
 -0.1868809E+00
  0.1410739E-01
  0.7050110E-01
  0.1457177E+00
 -0.2922041E+00
  0.1785075E+00
 -0.6340690E-01
  0.2966336E-03
 -0.1567755E-01
  0.2158031E-01
  0.4435333E-02
 -0.2326734E-01
 -0.3054812E-02
 -0.1645127E-03
 -0.3219813E-01
  0.3944869E-01
  0.2627978E-01
 -0.7120769E-01
 -0.1796236E-01
 -0.1117922E-02
 -0.5475857E-01
  0.5647235E-01
  0.5846881E-01
 -0.1141517E+00
 -0.4347985E-01
 -0.2175719E-02
 -0.8825017E-01
  0.7435603E-01
  0.9878255E-01
 -0.1422274E+00
 -0.9007341E-01
 -0.3989533E-02
 -0.1457029E+00
  0.1019196E+00
  0.1354065E+00
 -0.1249277E+00
 -0.1972514E+00
 -0.1540880E-01
 -0.2869973E+00
  0.2264276E+00
 -0.6962109E-01
  0.5114783E+00
 -0.1000000E+01
 -0.3067731E+00
 -0.1425741E+00
  0.6718448E-01
  0.1515430E+00
  0.1702302E+00
 -0.5259211E+00
 -0.1223802E+00
 -0.1492075E+00
 -0.1247057E+00
  0.4407491E+00
 -0.1738389E-01
 -0.4568590E+00
  0.1759219E+00
  0.1790058E-01
  0.1870614E+00
  0.5558519E+00
 -0.3704227E+00
 -0.2335324E-01
 -0.4766621E-01
  0.6022567E-01
 -0.1851817E-01
  0.3604568E-02
 -0.3524969E-02
 -0.3872646E-03
 -0.4884302E-04
  0.9812052E-01
 -0.4393335E-01
  0.1389973E-01
 -0.1231944E-01
 -0.2327695E-02
 -0.2255080E-03
  0.1471279E+00
 -0.8074918E-01
  0.2901077E-01
 -0.1848945E-01
 -0.4262612E-02
 -0.3604959E-03
  0.2243511E+00
 -0.1382839E+00
  0.5021015E-01
 -0.2438402E-01
 -0.7536905E-02
 -0.4959809E-03
  0.3780829E+00
 -0.2444710E+00
  0.8434505E-01
 -0.3016478E-01
 -0.1244483E-01
  0.8921592E-03
  0.1000000E+01
 -0.6458602E+00
  0.1820565E+00
  0.1169341E-01
 -0.7996452E-01
 -0.2344559E-01
  0.4115711E+00
 -0.2483725E+00
  0.5003879E-01
 -0.5739511E-02
 -0.1262926E-01
  0.9894518E-02
  0.1958030E+00
 -0.1339432E+00
  0.3247425E-01
 -0.1815041E-01
 -0.3017207E-01
  0.5682006E-01
  0.8421049E-01
 -0.3638490E-01
  0.3033159E-01
 -0.4816039E-01
  0.1255912E-01
  0.8338066E-02
 -0.2021551E-02
 -0.3643377E-01
  0.2278541E+00
 -0.1000000E+01
 -0.1454293E+00
 -0.1187987E-01
 -0.4285659E-02
 -0.1916216E-01
  0.7284761E-01
 -0.2732579E+00
 -0.6508006E-01
 -0.8241112E-02
 -0.3587456E-02
 -0.1268547E-01
  0.3500496E-01
 -0.1203169E+00
 -0.3419355E-01
 -0.5806535E-02
 -0.3515376E-02
 -0.9103806E-02
  0.2071678E-01
 -0.6783933E-01
 -0.2039213E-01
 -0.4183719E-02
 -0.3304929E-02
 -0.6454224E-02
  0.1361151E-01
 -0.4506604E-01
 -0.1075971E-01
 -0.2554918E-02
 -0.4253584E-02
 -0.4358216E-02
  0.1240563E-01
 -0.3997933E-01
  0.3791701E-02
  0.2055655E-02
 -0.1718322E-02
 -0.2288069E-02
  0.5023025E-02
 -0.2007777E-01
 -0.7329989E-02
 -0.2088110E-02
  0.4082585E-02
  0.1038176E-01
 -0.1054526E-01
 -0.5980415E-02
 -0.7447058E-02
 -0.3392558E-02
  0.1545918E-03
 -0.4347932E-03
 -0.1055390E-01
  0.3223029E-02
 -0.7782368E-02
 -0.7322549E-03
 -0.6250198E-02
 -0.1656999E-01
  0.4548760E-01
 -0.5485656E-01
 -0.1566117E-01
 -0.1873610E-02
 -0.6907189E-02
  0.6293471E-01
 -0.3352842E+00
  0.1000000E+01
  0.1984167E+00
  0.2334107E-01
 -0.1836604E-02
  0.3971251E-01
 -0.1623282E+00
  0.4257379E+00
  0.1096190E+00
  0.1668954E-01
  0.2361231E-02
  0.2868107E-01
 -0.9982886E-01
  0.2369195E+00
  0.6784079E-01
  0.1252557E-01
  0.4465497E-02
  0.2141277E-01
 -0.7006057E-01
  0.1559567E+00
  0.3970695E-01
  0.8117550E-02
  0.9536885E-02
  0.1611601E-01
 -0.5980900E-01
  0.1256187E+00
  0.6706531E-02
 -0.1635654E-02
  0.5519802E-02
  0.1174091E-01
 -0.3565741E-01
  0.6051830E-01
  0.4060884E-01
  0.1060701E-01
 -0.9466787E-02
 -0.2460090E-01
  0.1098718E-01
  0.1855232E-01
  0.3692477E-01
  0.1005880E-01
 -0.5576997E-03
  0.6331360E-03
  0.2168529E-01
 -0.1130368E-01
  0.3095053E-01
  0.4065057E-02
  0.5457324E-02
  0.8391223E-02
 -0.1644131E-01
  0.1632907E-03
  0.8044562E-03
  0.6616606E-04
  0.4975178E-03
  0.2729800E-01
 -0.4215747E-01
 -0.1842096E-01
  0.3639217E-02
  0.6320715E-03
  0.7935277E-02
 -0.8058093E-01
  0.4001439E+00
 -0.1000000E+01
 -0.2216967E+00
 -0.3072664E-01
 -0.6865455E-02
 -0.5695099E-01
  0.2478923E+00
 -0.5506250E+00
 -0.1458824E+00
 -0.2399893E-01
 -0.1583953E-01
 -0.4343391E-01
  0.1808526E+00
 -0.3632011E+00
 -0.9666817E-01
 -0.1712415E-01
 -0.1310688E-01
 -0.4635804E-01
  0.1596610E+00
 -0.2759561E+00
 -0.5257333E-01
 -0.4721735E-02
 -0.1261776E-01
 -0.4209955E-01
  0.1056006E+00
 -0.1096535E+00
 -0.1540957E+00
 -0.3843049E-01
  0.1207711E-01
  0.2893069E-01
  0.1934195E-01
 -0.3428833E-01
 -0.1229327E+00
 -0.2478601E-01
  0.1563045E-02
  0.5324895E-04
 -0.1613807E-01
  0.2072849E-01
 -0.8199170E-01
 -0.1882060E-01
  0.2815909E-02
 -0.1072498E-01
  0.2648909E-02
 -0.2362439E-02
 -0.2530423E-03
 -0.2522245E-04
  0.1031968E-01
 -0.2571635E-01
  0.1384860E-01
 -0.1623060E-01
 -0.2980145E-02
 -0.8189370E-03
  0.2586066E-01
 -0.5437348E-01
  0.5120638E-01
 -0.7155111E-01
 -0.1593832E-01
 -0.4350049E-02
  0.4387542E-01
 -0.2760146E-01
 -0.1218591E+00
  0.2735616E+00
  0.7262751E-01
  0.5092116E-02
  0.1210692E+00
 -0.6062825E-01
 -0.1360797E+00
  0.2539949E+00
  0.1016895E+00
  0.3488861E-02
  0.1143835E-01
  0.2038713E-01
 -0.1863682E+00
  0.2067248E+00
  0.1718414E+00
  0.2517682E-02
 -0.1557936E-02
 -0.2225250E-01
  0.5736520E-01
 -0.5074702E+00
  0.1000000E+01
  0.2479190E+00
  0.9892553E-02
 -0.1797007E-02
  0.3184814E-02
 -0.3553101E+00
  0.6269249E+00
  0.1089523E+00
 -0.2985303E-03
 -0.3034871E-01
 -0.9865417E-01
 -0.1759579E+00
  0.2649192E+00
  0.1511822E+00
  0.1965022E-01
 -0.2406515E-03
 -0.1330660E-01
 -0.1534875E-02
  0.3478032E-03
  0.1725282E-04
  0.2619880E-01
  0.7148858E-02
 -0.3451207E-01
 -0.1580342E-01
  0.2233987E-02
  0.1638416E-03
  0.3034563E-01
  0.1752848E-01
 -0.4568880E-01
 -0.6274851E-01
  0.3536018E-02
  0.2169542E-03
  0.6706058E-01
 -0.1362823E+00
  0.4433505E+00
 -0.1000000E+01
 -0.2104528E+00
 -0.3364693E-01
  0.9942215E-01
 -0.1427054E+00
  0.3002416E+00
 -0.6051729E+00
 -0.1231685E+00
 -0.2636141E-01
  0.1057580E-01
 -0.1037662E+00
  0.2336864E+00
 -0.4367240E+00
 -0.2790182E-01
 -0.1404243E-01
 -0.2201565E-01
 -0.1583483E+00
  0.3151618E+00
 -0.5596920E+00
  0.2872661E+00
  0.7357622E-01
  0.2282262E-01
  0.6130784E-02
  0.1205142E+00
 -0.3231949E+00
  0.1260045E+00
  0.1958424E-01
  0.4753448E-02
 -0.2626612E-01
 -0.5192875E-01
 -0.9441708E-01
 -0.2407664E-02
  0.5061773E-01
 -0.6298991E-01
  0.1844098E-01
 -0.3938639E-02
  0.2800220E-03
  0.6372928E-04
  0.2941997E-04
 -0.1061211E+00
  0.4404342E-01
 -0.1091235E-01
  0.2930121E-03
  0.2522777E-03
  0.4682106E-04
 -0.1703201E+00
  0.8411062E-01
 -0.2305403E-01
  0.1122023E-02
  0.8516177E-03
  0.1890757E-03
 -0.3014555E+00
  0.1579610E+00
 -0.3399325E-01
 -0.1247190E-01
 -0.9941557E-03
  0.1362485E-03
 -0.1000000E+01
  0.5274653E+00
 -0.1471492E+00
  0.4095810E-01
  0.1492641E-01
  0.1345728E-02
 -0.4802243E+00
  0.2271229E+00
 -0.2611061E-01
 -0.7997366E-02
  0.2637426E-01
  0.3225506E-02
 -0.2693807E+00
  0.1000234E+00
  0.3782069E-01
 -0.6899407E-01
  0.9566417E-01
  0.2391141E-01
 -0.1409222E+00
  0.5826531E-01
  0.3132339E-01
 -0.2103266E-01
  0.3979688E-01
  0.1390601E-02
 -0.5953390E-01
  0.2063887E-01
  0.7876848E-02
  0.2427349E-01
 -0.1704754E-01
  0.2995867E-01
  0.7185317E-01
  0.1646745E-01
 -0.7727138E-02
 -0.1905097E-02
 -0.2543509E-03
 -0.4490228E-04
  0.9631993E-01
  0.3756826E-01
 -0.2537431E-01
 -0.9966804E-02
 -0.2473930E-02
 -0.1337670E-03
  0.1197497E+00
  0.6364895E-01
 -0.4268238E-01
 -0.2678507E-01
 -0.8320863E-02
 -0.5720163E-03
  0.1625630E+00
  0.8812038E-01
 -0.4833492E-01
 -0.6485161E-01
 -0.2418017E-01
 -0.2204392E-02
  0.1689459E+00
  0.2467478E+00
 -0.3424275E+00
  0.3656009E+00
  0.5993978E-01
  0.1224842E-01
  0.1856181E+00
  0.4350002E+00
 -0.4686431E+00
  0.3456156E+00
  0.4800845E-01
  0.1095288E-01
  0.2881069E+00
  0.1000000E+01
 -0.8137682E+00
  0.3493258E+00
  0.5956615E-01
  0.1162665E-01
  0.8531891E-01
  0.3193349E+00
 -0.1890394E+00
 -0.3804832E-01
  0.1788848E+00
  0.4900715E-01
  0.2598686E-01
  0.1063786E+00
 -0.8036093E-01
 -0.5114983E-01
  0.8369229E-01
  0.6057361E-01
 -0.7182916E-01
 -0.2193952E-01
  0.2086527E-01
  0.1910611E-02
 -0.6468885E-04
  0.2540063E-04
 -0.8775918E-01
 -0.5870285E-01
  0.6282358E-01
  0.1220103E-01
 -0.5289976E-03
 -0.9305986E-04
 -0.9088692E-01
 -0.1122533E+00
  0.1093241E+00
  0.3467652E-01
 -0.1824428E-02
 -0.3644526E-03
 -0.6605311E-01
 -0.1943208E+00
  0.1490536E+00
  0.8706750E-01
 -0.1861665E-02
 -0.1058802E-02
 -0.1480273E-01
 -0.1442983E+00
 -0.3145858E+00
  0.1000000E+01
  0.1876313E+00
  0.2690904E-01
 -0.6038203E-01
 -0.2609815E+00
 -0.1537085E+00
  0.6687786E+00
  0.1122636E+00
  0.1522943E-01
 -0.1500103E+00
 -0.6438833E+00
  0.8275253E-01
  0.5041687E+00
  0.3419490E-02
 -0.8128911E-02
 -0.6782336E-01
 -0.3040139E+00
 -0.2502783E+00
  0.5754407E+00
 -0.5490778E-01
 -0.3322922E-01
 -0.1671044E-01
 -0.7355530E-01
  0.3972004E-01
  0.1770932E+00
  0.1070479E+00
 -0.9744955E-01
  0.4306999E-02
  0.2164551E-01
  0.1495881E-01
  0.4847613E-03
  0.7211998E-05
 -0.8524846E-05
 -0.4070981E-02
  0.3653616E-01
  0.3747548E-01
  0.2816691E-02
  0.5976902E-03
  0.2439448E-03
 -0.2300990E-01
  0.5295290E-01
  0.6100673E-01
  0.5645602E-02
  0.1847788E-02
  0.1205728E-02
 -0.8598770E-01
  0.8574370E-01
  0.8533865E-01
  0.5839564E-02
  0.3259700E-02
  0.3470475E-02
  0.8510203E-02
  0.4814817E-01
  0.1243756E+00
  0.2170579E-01
  0.8353739E-02
  0.9638389E-02
  0.3493739E-01
  0.4656523E-01
  0.1624289E+00
  0.2637530E-01
  0.8537796E-02
  0.2256282E-01
  0.4585676E-01
  0.4804371E-01
  0.2213035E+00
  0.2660083E-01
 -0.2930039E-03
  0.5333834E-01
  0.4302602E-01
  0.7546882E-01
  0.3122728E+00
  0.7246714E-01
 -0.1284815E+00
  0.1318939E+00
  0.1929744E-01
  0.5443048E-01
  0.2288118E+00
  0.6912863E+00
 -0.1000000E+01
  0.8840357E+00
  0.5396194E-01
 -0.1352605E-01
  0.6879975E-02
 -0.1159258E-03
 -0.3358475E-04
 -0.2435898E-04
  0.9839169E-01
 -0.3643957E-01
  0.1695557E-01
 -0.6489438E-03
 -0.8494513E-04
  0.3222253E-04
  0.1929145E+00
 -0.8342924E-01
  0.3469374E-01
 -0.2312226E-02
 -0.2530525E-03
  0.2070958E-03
  0.1000000E+01
 -0.4254774E+00
  0.1053409E+00
  0.1927191E-01
  0.3621089E-02
  0.9904554E-03
  0.5382359E+00
 -0.1994131E+00
  0.2473644E-01
  0.5962036E-02
 -0.1136117E-02
  0.2707248E-02
  0.3195752E+00
 -0.1080753E+00
  0.3200627E-02
  0.3372813E-02
 -0.5860721E-02
  0.2466450E-02
  0.1839805E+00
 -0.8832670E-01
  0.1692242E-01
 -0.4024206E-02
 -0.1798883E-01
  0.3942882E-02
  0.1056752E+00
 -0.3384582E-01
  0.2927306E-01
 -0.6684509E-01
  0.4148792E-01
  0.3767962E-01
  0.4560691E-01
 -0.1220747E-01
  0.1002269E-01
  0.6425855E-02
 -0.9139168E-01
  0.1466378E+00
 -0.2262241E-01
 -0.1942209E-02
  0.8187846E-02
 -0.5869832E-03
 -0.9588471E-04
 -0.6341977E-06
 -0.3014210E-01
 -0.9117668E-02
  0.2450154E-01
 -0.3653589E-02
 -0.8646499E-03
 -0.1277093E-03
 -0.3986273E-01
 -0.1974338E-01
  0.4438145E-01
 -0.1182944E-01
 -0.3199706E-02
 -0.4851163E-03
  0.7573550E-01
 -0.8969935E-01
  0.8511420E-01
 -0.3063929E-01
 -0.9047796E-02
 -0.1600336E-02
  0.4377945E-01
 -0.1210220E+00
  0.1474920E+00
 -0.1088502E+00
 -0.3045610E-01
 -0.5202254E-02
  0.4274790E-01
 -0.7296884E-01
 -0.6396358E-01
  0.2688002E+00
  0.2658119E-01
  0.4329093E-03
  0.6028394E-01
  0.7081384E-01
 -0.2368345E+00
  0.3678255E+00
  0.2714524E-01
 -0.8788337E-02
  0.8109994E-02
 -0.7634182E-01
 -0.5763655E+00
  0.1000000E+01
 -0.6181082E+00
 -0.1762562E+00
  0.7519820E-02
  0.1393088E-01
 -0.1231197E-01
  0.5727410E+00
 -0.1676727E+00
 -0.3497999E+00
  0.5355691E-01
  0.4736350E-01
  0.3200801E-01
  0.1748140E-02
 -0.3169656E-04
 -0.4478892E-04
  0.4650906E-01
  0.8516362E-01
  0.6694408E-01
  0.7785951E-02
  0.5915141E-03
 -0.1772075E-03
 -0.7711594E-02
  0.1401065E+00
  0.9225714E-01
  0.1611875E-01
  0.2552345E-02
 -0.6025721E-03
  0.1141619E+00
  0.1336896E+00
  0.1307262E+00
  0.3472338E-01
  0.8544684E-02
 -0.1805892E-02
  0.1402733E+00
  0.1981496E+00
  0.1302727E+00
  0.8142322E-01
  0.2434914E-01
 -0.3355001E-02
  0.1179355E+00
  0.1345054E+00
  0.5515095E+00
 -0.5058646E+00
 -0.6762776E-01
 -0.2606608E-01
  0.1160907E+00
  0.2108044E+00
  0.7137339E+00
 -0.4838562E+00
 -0.4448521E-01
 -0.4832770E-01
  0.8782454E-01
  0.2532772E+00
  0.1000000E+01
 -0.2345372E+00
 -0.4578916E+00
 -0.2096382E+00
  0.2659320E-01
  0.7318798E-01
  0.2823639E+00
  0.4133101E+00
 -0.1573601E+00
 -0.6854983E+00
  0.1164309E-01
 -0.3822220E-01
 -0.7830140E-01
 -0.4198591E-02
 -0.2893618E-04
  0.1943097E-04
  0.2519082E-01
 -0.3990588E-01
 -0.1822858E+00
 -0.1739421E-01
 -0.9158363E-03
  0.1026987E-03
  0.1096725E+00
 -0.5516331E-01
 -0.2645384E+00
 -0.3333219E-01
 -0.2215480E-02
  0.2712695E-03
  0.6607761E-01
 -0.8028250E-02
 -0.3559046E+00
 -0.5575649E-01
 -0.4930300E-02
  0.1406357E-02
  0.5383822E-01
  0.3924695E-01
 -0.4278725E+00
 -0.1114394E+00
 -0.1380572E-01
  0.2609152E-02
 -0.3782961E-02
 -0.1885342E+00
  0.9141783E-01
 -0.1000000E+01
 -0.1718901E+00
 -0.1042257E-01
  0.1388988E-01
  0.5636724E-03
 -0.1752462E+00
 -0.6339464E+00
 -0.1715607E+00
  0.1336359E-01
 -0.3101495E-02
 -0.1175055E+00
 -0.6687809E+00
  0.5450584E-01
 -0.6216694E+00
  0.3168695E-03
  0.4935181E-02
 -0.3557869E-01
 -0.2019496E+00
 -0.3085691E+00
 -0.4345418E+00
  0.4253310E+00
  0.2178972E-01
  0.2117497E-02
 -0.9058150E-02
 -0.2310535E-03
  0.5110501E-04
 -0.1574070E-05
  0.2539132E-01
  0.1018978E-01
 -0.2433262E-01
 -0.8375702E-03
  0.4726836E-03
  0.1547559E-03
 -0.1000000E+01
  0.3625778E+00
 -0.1371121E+00
 -0.1299178E-01
 -0.1046809E-02
  0.6882031E-04
 -0.6048970E+00
  0.1879076E+00
 -0.4502632E-01
 -0.1237194E-01
 -0.2344379E-03
  0.1042024E-03
 -0.3827548E+00
  0.9193094E-01
 -0.1402626E-01
 -0.1487563E-01
 -0.1131812E-03
 -0.4200550E-03
 -0.2456432E+00
  0.3124594E-01
  0.5897416E-02
 -0.3643922E-01
 -0.2585938E-02
  0.9322283E-03
 -0.1507900E+00
  0.2121004E-01
 -0.2215851E-01
 -0.1323159E-01
  0.2162486E-02
  0.4324583E-02
 -0.8588279E-01
  0.1461843E-02
 -0.4734307E-01
 -0.7891507E-02
  0.2473690E-01
  0.1075954E-01
 -0.3648145E-01
 -0.2733936E-03
 -0.2029352E-01
 -0.5876475E-01
  0.2553050E-01
  0.3681111E-01
 -0.2268793E+00
 -0.5056354E-02
  0.9815634E-01
  0.4879072E-02
  0.2699845E-03
  0.6584438E-04
 -0.2233361E+00
 -0.7082622E-01
  0.2209942E+00
  0.1403043E-01
  0.2010795E-02
 -0.1256446E-03
 -0.1687577E+00
 -0.1558191E+00
  0.2855802E+00
  0.1435478E-01
  0.4323360E-02
 -0.3485768E-03
 -0.1484096E+00
 -0.2587031E+00
  0.3396514E+00
 -0.3084385E-02
  0.7484350E-02
 -0.1577213E-02
 -0.1516161E+00
 -0.4307028E+00
  0.4290399E+00
 -0.4813845E-01
  0.1383410E-01
 -0.3464491E-02
 -0.1989763E+00
 -0.1000000E+01
  0.7920915E+00
 -0.2508836E+00
 -0.3170865E-02
 -0.6691650E-02
 -0.8481720E-01
 -0.3754901E+00
  0.6701861E-01
  0.3855958E+00
  0.1329239E+00
  0.7080595E-02
 -0.4188283E-01
 -0.1949965E+00
 -0.1234422E+00
  0.1903263E+00
  0.6188461E+00
  0.4294744E-01
 -0.1356284E-01
 -0.5904849E-01
  0.2830920E-01
  0.3466343E+00
  0.2915174E+00
 -0.1869987E+00
 -0.8052537E+00
  0.8859950E-01
  0.1733522E+00
  0.8493868E-02
 -0.4757157E-04
 -0.2258960E-03
  0.1000000E+01
 -0.3932635E+00
  0.4018781E+00
  0.3276295E-01
  0.1825581E-02
 -0.4031812E-03
  0.6919073E+00
 -0.2196879E+00
  0.1616284E+00
  0.1912091E-01
  0.1303234E-02
  0.6601511E-04
  0.4485050E+00
 -0.1210659E+00
  0.6701512E-01
  0.1443844E-01
  0.7439287E-03
  0.1063679E-03
  0.2929712E+00
 -0.5757043E-01
  0.2562610E-01
  0.1245343E-01
 -0.1665154E-03
  0.7777619E-03
  0.1906421E+00
 -0.1534649E-01
  0.5127074E-02
  0.1114572E-01
 -0.2416523E-02
 -0.4792969E-04
  0.1179347E+00
 -0.8141880E-02
  0.1412113E-01
 -0.6357598E-02
 -0.9965043E-02
 -0.1383170E-02
  0.6622021E-01
 -0.2894996E-02
  0.2344347E-02
  0.6860990E-02
 -0.4256446E-01
 -0.2730703E-02
  0.2838750E-01
 -0.1008707E-02
 -0.9669611E-03
 -0.3748807E-02
 -0.2341171E-01
  0.1005778E-01
  0.4534277E+00
 -0.1861206E+00
  0.1000000E+01
  0.6431119E-01
  0.2522821E-02
 -0.2507668E-03
  0.2264886E+00
 -0.5649776E-01
  0.3491477E+00
  0.4192806E-01
  0.3282852E-02
 -0.1359543E-04
  0.1551739E+00
 -0.3012578E-01
  0.1939772E+00
  0.2707460E-01
  0.2888769E-02
  0.3230260E-03
  0.9919119E-01
 -0.1875395E-01
  0.1256565E+00
  0.1902451E-01
  0.2062041E-02
  0.4402069E-03
  0.6373032E-01
 -0.1340608E-01
  0.8865457E-01
  0.1562364E-01
  0.7190038E-03
  0.1109554E-02
  0.3997693E-01
 -0.1596420E-01
  0.6587255E-01
  0.1572005E-01
 -0.2980468E-02
  0.1538067E-02
  0.2567190E-01
 -0.8827131E-03
  0.4409104E-01
  0.8139303E-02
 -0.1361304E-01
  0.1907165E-02
  0.1301455E-01
 -0.7043845E-03
  0.8669677E-02
  0.2772213E-01
 -0.5766947E-01
  0.1944194E-02
  0.5233236E-02
 -0.1974374E-02
 -0.7671582E-02
 -0.5406187E-01
  0.2698341E-03
  0.3871355E-01
 -0.9160111E+00
  0.1230746E+00
  0.3201395E-01
  0.1786549E-03
  0.8179174E-04
  0.3228096E-03
 -0.1000000E+01
  0.7860113E-02
  0.5541067E+00
  0.4384426E-01
  0.2647634E-02
  0.5113967E-04
 -0.7258977E+00
 -0.8246394E-01
  0.5029264E+00
  0.5295616E-01
  0.2431820E-02
  0.8333137E-03
 -0.5132252E+00
 -0.1788435E+00
  0.4600389E+00
  0.5483591E-01
  0.2318761E-03
  0.1852523E-02
 -0.3757730E+00
 -0.3111357E+00
  0.4372894E+00
  0.8492434E-01
 -0.2644897E-02
  0.4939946E-02
 -0.2948196E+00
 -0.6182010E+00
  0.4335055E+00
  0.2436672E+00
 -0.1057903E-01
  0.1378343E-01
 -0.1586013E+00
 -0.2191633E+00
  0.2271817E+00
  0.1388010E+00
 -0.1020958E+00
  0.1892003E-01
 -0.8790013E-01
 -0.7145247E-01
  0.3040968E+00
  0.1035037E+00
 -0.4532115E+00
  0.5273424E-02
 -0.3968980E-01
 -0.4437598E-01
  0.1429348E-01
 -0.3961787E+00
 -0.1835832E-01
  0.2471975E+00
 -0.1000000E+01
  0.7899066E-01
  0.1857007E+00
  0.1264059E-01
  0.6593844E-03
  0.1665276E-03
 -0.8940693E+00
  0.1253834E+00
 -0.1907540E-01
 -0.8642591E-03
  0.1493820E-03
 -0.3695532E-03
 -0.6210528E+00
  0.1085730E+00
 -0.6419673E-01
 -0.9218051E-02
 -0.6415672E-03
 -0.4918338E-03
 -0.4063667E+00
  0.1065681E+00
 -0.7987355E-01
 -0.2030647E-01
 -0.8777302E-03
 -0.7363324E-03
 -0.2558057E+00
  0.1346202E+00
 -0.1011098E+00
 -0.3719412E-01
 -0.9585164E-03
 -0.1972905E-02
 -0.1377381E+00
  0.3233339E+00
 -0.1616060E+00
 -0.1036480E+00
 -0.5990092E-03
 -0.3529359E-02
 -0.9599601E-01
  0.1329746E+00
 -0.6250312E-01
 -0.9206458E-01
  0.2524206E-01
 -0.4173355E-02
 -0.5640872E-01
  0.5021585E-01
 -0.1008043E+00
 -0.4776210E-01
  0.1239335E+00
 -0.4394630E-03
 -0.2424040E-01
  0.2255349E-01
 -0.1343485E-01
  0.7589316E-01
  0.9782843E-02
 -0.5759895E-01
  0.4450286E+00
  0.5834023E-01
 -0.7453839E-01
 -0.9923711E-02
 -0.6130529E-03
  0.1253311E-03
  0.9566731E-01
 -0.1500515E+00
  0.1000000E+01
  0.7537137E-01
  0.4322325E-02
  0.7164239E-04
  0.7146395E-01
 -0.1596804E-01
  0.4294451E+00
  0.4253498E-01
  0.3556870E-02
 -0.4439899E-04
  0.5693896E-01
  0.5739423E-01
  0.2050332E+00
  0.1331211E-01
  0.2833583E-02
 -0.5004677E-03
  0.5700520E-01
  0.1478831E+00
  0.7610959E-01
 -0.2058904E-01
  0.9783491E-03
 -0.7379652E-03
  0.7699631E-01
  0.4339065E+00
 -0.5262725E-01
 -0.1342599E+00
 -0.5750736E-02
 -0.3805290E-02
  0.3476078E-01
  0.1874533E+00
  0.2171094E-01
 -0.8224129E-01
  0.2410385E-01
 -0.4936100E-02
  0.1332332E-01
  0.6917016E-01
 -0.1448030E+00
  0.1385545E-01
  0.1258074E+00
  0.3591250E-02
  0.5245123E-02
  0.3070656E-01
 -0.2917057E-01
  0.6979204E-01
  0.3460727E-01
 -0.3970021E-01
 -0.6820794E-01
 -0.5869527E-01
  0.2072754E-01
  0.2545342E-02
  0.6805620E-04
  0.5666756E-04
 -0.1332088E+00
 -0.1145967E+00
  0.4862066E-01
  0.1165646E-01
 -0.8484788E-04
 -0.3304875E-03
 -0.2606971E-01
  0.1911343E+00
 -0.1000000E+01
 -0.6784166E-01
 -0.5144327E-02
 -0.7313909E-03
 -0.1675897E-01
  0.1121295E+00
 -0.6666164E+00
 -0.4401859E-01
 -0.3307331E-02
 -0.2887898E-03
 -0.1735347E-01
  0.4771886E-01
 -0.4827366E+00
 -0.1823418E-01
 -0.4241080E-03
 -0.1826785E-02
 -0.4173511E-01
 -0.2444225E+00
 -0.2974356E+00
  0.6434818E-01
  0.1367827E-01
 -0.1661977E-02
 -0.2140750E-01
 -0.1236955E+00
 -0.1994095E+00
 -0.1250677E+00
 -0.3050430E-02
 -0.3703966E-02
 -0.2899871E-02
 -0.5341439E-01
  0.7622623E-02
 -0.1959288E+00
 -0.9621916E-02
 -0.1138150E-01
  0.9293942E-03
 -0.1971796E-01
  0.1341435E-01
  0.3247677E-01
 -0.1249372E+00
 -0.4689284E-01
  0.2543732E-01
  0.2353705E-01
 -0.2108756E-01
 -0.1072365E-02
 -0.9987188E-04
 -0.3234109E-04
  0.5440446E-01
  0.6202990E-01
 -0.7886461E-01
 -0.5637401E-02
 -0.8611981E-03
  0.7600531E-04
  0.9539886E-01
  0.1890077E+00
 -0.3298465E+00
 -0.2744057E-01
 -0.2785318E-02
  0.7044411E-03
  0.7208998E-01
  0.4943233E-01
  0.1495174E+00
  0.6183008E-02
 -0.2730865E-02
  0.1885673E-02
  0.5632911E-01
  0.3575557E-02
  0.2722750E+00
  0.2387198E-01
 -0.7656177E-02
  0.4015837E-02
  0.6822734E-01
  0.2948781E+00
  0.2103941E+00
  0.2090311E-01
 -0.2476423E-01
  0.6117389E-02
  0.3035915E-01
  0.8198730E-01
 -0.2804495E+00
  0.1000000E+01
  0.4227244E-01
  0.1746094E-01
  0.2746854E-02
  0.6221627E-01
  0.6123272E-01
  0.6299295E+00
 -0.6301990E-01
  0.2078891E-01
 -0.3979494E-02
  0.2199467E-01
 -0.6491982E-02
 -0.3004665E-01
  0.3603427E+00
  0.1169632E+00
 -0.2747333E-01
 -0.6505778E-01
  0.1400752E-01
  0.1420160E-02
  0.1933085E-04
  0.4090720E-04
 -0.6127245E-01
 -0.1309858E+00
  0.4050782E-01
  0.6910267E-02
 -0.3070396E-03
 -0.2099234E-03
 -0.9171864E-01
 -0.2264344E+00
  0.9868878E-01
  0.1977271E-01
 -0.1595039E-02
 -0.1246158E-02
 -0.2939534E-01
  0.2302928E+00
 -0.1000000E+01
 -0.4481616E-01
 -0.7972756E-02
 -0.1558443E-02
 -0.1275086E-01
  0.2570252E+00
 -0.8487502E+00
 -0.2742826E-01
 -0.9723952E-02
 -0.2802249E-02
 -0.2227392E-01
  0.5671037E-01
 -0.6746683E+00
  0.5151446E-01
 -0.1668162E-02
 -0.3026964E-02
 -0.2601047E-01
 -0.5018383E-01
 -0.9002417E+00
  0.4442564E+00
  0.2994410E-01
  0.1195715E-02
 -0.9477126E-02
 -0.1165005E-01
 -0.1382766E+00
 -0.5431952E-01
 -0.4830950E-01
 -0.1007137E-01
 -0.3006946E-02
 -0.2981056E-02
 -0.3713683E-01
  0.1082491E-01
 -0.8738053E-01
 -0.1962594E-01
  0.7183171E-02
  0.9316724E-01
 -0.1798475E-01
 -0.7557656E-03
 -0.7077561E-04
 -0.5385294E-04
  0.3216487E-01
  0.1926046E+00
 -0.6054420E-01
 -0.3057403E-02
 -0.1290578E-03
 -0.1285731E-03
  0.6020877E-01
  0.3358278E+00
 -0.1467106E+00
 -0.8398045E-02
  0.9393284E-03
 -0.1530414E-03
  0.9991552E-01
  0.7539451E+00
 -0.5317512E+00
 -0.3208673E-01
  0.3684454E-02
  0.9986959E-03
  0.1111671E+00
  0.9246208E+00
 -0.3771021E-01
 -0.9430935E-02
  0.1084121E-01
  0.3182672E-02
  0.7247669E-01
  0.4457913E+00
  0.5199384E+00
  0.2175498E-01
  0.2320924E-01
  0.5549834E-02
  0.5516465E-01
  0.2926311E+00
  0.1000000E+01
 -0.5598307E-01
  0.1882994E-01
  0.8192427E-02
  0.1474598E-01
  0.1488175E+00
  0.2779918E+00
  0.6094547E+00
  0.9479004E-01
  0.2931213E-01
 -0.4354920E-03
  0.5719859E-01
  0.7562860E-01
  0.8395034E-01
  0.6231611E+00
  0.9117394E-01
  0.1343779E-01
 -0.4583670E-01
 -0.6093214E-02
 -0.4476456E-03
 -0.1929534E-04
  0.7993302E-05
  0.1084091E-01
 -0.8133204E-01
 -0.2281509E-01
 -0.2702573E-02
 -0.2231306E-03
 -0.3867911E-04
  0.6001830E-02
 -0.1072420E+00
 -0.7165931E-01
 -0.8994828E-02
 -0.9135433E-03
 -0.2112080E-03
  0.1471541E-01
 -0.2336926E-01
 -0.3106373E+00
 -0.3164048E-01
 -0.2684245E-02
  0.1280636E-03
 -0.4941860E-01
 -0.1000000E+01
  0.5977496E+00
  0.1149567E-01
  0.8295314E-03
  0.9396929E-03
 -0.1105586E-01
 -0.3993776E+00
  0.2668179E+00
 -0.4607286E-01
 -0.1287238E-01
  0.2750257E-02
  0.2068995E-02
 -0.1848150E+00
  0.2671833E+00
 -0.1123039E+00
 -0.2296171E-01
  0.2179306E-02
  0.4487641E-02
 -0.9247677E-01
  0.8236130E-01
  0.7131006E-02
 -0.8073513E-02
  0.3171192E-02
  0.3035747E-02
 -0.3699205E-01
  0.2398048E-01
 -0.9527632E-03
  0.9522639E-02
  0.7157984E-02
 -0.9024855E-02
  0.1364882E+00
 -0.2073817E-02
 -0.1542695E-03
 -0.8088249E-04
 -0.5419559E-04
  0.9912452E-03
  0.2652126E+00
 -0.5629716E-02
  0.6187812E-04
 -0.4454339E-03
 -0.9524566E-04
  0.1480487E-01
  0.4212918E+00
  0.2512583E-02
  0.2101768E-02
 -0.3313451E-03
 -0.2486692E-04
  0.2340384E-01
  0.6884908E+00
  0.2613749E-01
  0.8479019E-02
  0.4712228E-03
  0.2773960E-04
  0.1801236E-01
  0.6916647E+00
  0.5697793E+00
  0.4913480E-01
  0.6530493E-03
  0.6322323E-04
 -0.3825690E-02
  0.3839977E+00
  0.6439034E+00
  0.9877451E-01
 -0.4599409E-02
 -0.3690312E-02
 -0.1955444E-01
  0.2181682E+00
  0.4166826E+00
  0.2836379E+00
 -0.1163610E-01
 -0.1322788E-01
 -0.2423975E-01
  0.1106639E+00
  0.2242637E-01
 -0.2955824E+00
 -0.8726915E-01
 -0.3283514E-01
 -0.1054779E-01
  0.4131101E-01
  0.2949573E-03
 -0.1640112E+00
 -0.1000000E+01
 -0.9005898E-01
 -0.2376692E-01
 -0.1988382E+00
 -0.6310299E-02
  0.9804583E-03
  0.1279896E-03
  0.9064763E-04
 -0.4254686E-01
 -0.3797731E+00
 -0.2722761E-01
  0.4690257E-02
  0.5708642E-03
  0.1958257E-03
 -0.5821315E-01
 -0.6024858E+00
 -0.9026878E-01
  0.1073156E-01
  0.3076839E-03
  0.2541878E-03
 -0.6056855E-01
 -0.1000000E+01
 -0.2492863E+00
  0.1932895E-01
 -0.6626102E-03
  0.9157573E-03
 -0.4695286E-01
 -0.8104519E+00
 -0.8575077E+00
  0.2390351E-01
  0.1003920E-02
  0.2107118E-02
 -0.2270281E-01
 -0.3808830E+00
 -0.1105967E+00
  0.1021498E+00
  0.3658664E-02
  0.6779912E-02
 -0.8438444E-02
 -0.1773499E+00
  0.7157689E+00
  0.3335195E+00
 -0.8237147E-02
  0.4943253E-02
 -0.1305388E-01
 -0.8159197E-01
  0.2238810E+00
  0.3611024E+00
 -0.3416976E-01
 -0.4791436E-02
 -0.7155121E-02
 -0.3348120E-01
  0.6209042E-01
 -0.4091347E-02
 -0.4852788E+00
 -0.2203126E-01
  0.2650642E-02
  0.1000000E+01
 -0.2638770E-02
  0.2054314E-04
  0.2270202E-04
 -0.5381214E-04
  0.4789079E-02
  0.3274718E+00
 -0.9150131E-02
  0.1281244E-03
  0.1455439E-03
  0.2344986E-03
  0.3976252E-02
  0.1461848E+00
 -0.8995473E-02
  0.3558724E-03
  0.4162917E-03
  0.1691199E-03
  0.2338155E-02
  0.7213272E-01
 -0.1398105E-01
  0.6374868E-03
  0.4328640E-03
  0.1225618E-03
  0.1659649E-02
  0.3768528E-01
 -0.1839152E-01
  0.8058927E-03
  0.2823066E-03
  0.7087813E-04
  0.8748648E-03
  0.2077102E-01
 -0.1986273E-01
  0.1482029E-02
  0.5751441E-03
 -0.3958271E-05
  0.3413391E-03
  0.1133734E-01
 -0.5017543E-02
  0.3090660E-02
  0.8605633E-03
 -0.1741304E-06
 -0.2687838E-04
  0.5884085E-02
 -0.2162762E-02
  0.1885024E-02
  0.5771621E-03
  0.1651938E-04
 -0.9418512E-04
  0.2377952E-02
 -0.6339141E-03
  0.2126726E-03
 -0.2567779E-03
 -0.5702548E-04
 -0.7403482E-03
  0.1603370E+00
 -0.1038218E-02
  0.7652888E-04
 -0.5111882E-04
 -0.1829784E-03
  0.1241289E-02
  0.1000000E+01
 -0.1023610E-01
  0.6493726E-03
  0.1294928E-03
 -0.1100136E-04
  0.2619869E-02
  0.4175773E+00
 -0.1815731E-01
  0.1628252E-02
  0.1153535E-02
  0.2920317E-03
  0.3529032E-03
  0.2032029E+00
 -0.3570118E-01
  0.2280264E-02
  0.1234466E-02
  0.2575712E-03
  0.2246771E-03
  0.1057356E+00
 -0.5020407E-01
  0.2654130E-02
  0.8177656E-03
  0.1457567E-03
 -0.6133830E-03
  0.5799528E-01
 -0.5796357E-01
  0.4572372E-02
  0.1657282E-02
 -0.3242280E-04
 -0.1059043E-02
  0.3156061E-01
 -0.1371362E-01
  0.9377324E-02
  0.2507088E-02
  0.3528409E-05
 -0.1251127E-02
  0.1632007E-01
 -0.5989769E-02
  0.4167564E-02
  0.1798222E-02
  0.3383183E-04
 -0.7732172E-03
  0.6571829E-02
 -0.1755440E-02
  0.3224673E-03
 -0.3635350E-03
 -0.1787943E-03
  0.1553935E-02
 -0.9902399E-01
  0.4491824E-02
  0.9699818E-04
  0.1037438E-03
  0.5143455E-04
  0.5898864E-03
 -0.2211882E+00
  0.1684141E-01
 -0.1499198E-03
  0.7242584E-03
  0.2755928E-03
 -0.4565946E-03
 -0.1000000E+01
  0.2060483E-01
 -0.2730926E-02
 -0.5250985E-04
  0.1351881E-03
  0.4410947E-02
 -0.4515844E+00
  0.7905618E-01
 -0.5908736E-02
 -0.1239271E-02
 -0.3435017E-04
  0.3754102E-02
 -0.2320952E+00
  0.1249104E+00
 -0.8289864E-02
 -0.4529074E-03
  0.1259696E-03
  0.4701276E-02
 -0.1230882E+00
  0.2420626E+00
 -0.1695977E-01
 -0.3200947E-02
  0.2981320E-03
  0.4716665E-02
 -0.6631511E-01
  0.3462926E-01
 -0.4300814E-01
 -0.6428453E-02
 -0.1375452E-03
  0.4353423E-02
 -0.3425374E-01
  0.1521453E-01
 -0.1603630E-01
 -0.4841343E-02
 -0.7854186E-04
  0.2414862E-02
 -0.1379675E-01
  0.4596205E-02
 -0.1611461E-02
  0.2387217E-02
  0.5081925E-03
 -0.4767169E-03
  0.7729979E-01
 -0.2177442E-02
 -0.2358043E-03
 -0.7157008E-05
 -0.3292792E-04
  0.7303443E-03
  0.1619067E+00
 -0.7643028E-02
 -0.1260793E-02
  0.1711899E-03
 -0.6999770E-04
  0.1982849E-02
  0.3925483E+00
 -0.8654333E-02
 -0.3031991E-02
  0.1512437E-02
  0.9126074E-04
  0.1304781E-02
  0.1065542E-01
 -0.3372911E-01
 -0.8662971E-02
  0.3619508E-02
  0.3568387E-03
  0.3776186E-02
 -0.5729076E-01
 -0.1769586E-01
 -0.2230585E-01
  0.6760443E-02
  0.8833983E-03
  0.6197241E-02
 -0.5166602E-03
  0.1000000E+01
 -0.5718467E-01
  0.1775560E-02
  0.1072488E-03
  0.5958788E-02
  0.2633578E-02
  0.4108267E-01
 -0.1900786E+00
 -0.9468063E-02
 -0.2386264E-02
  0.5660600E-02
  0.7491339E-03
  0.1869962E-01
 -0.6116274E-01
 -0.8005885E-02
 -0.1238021E-02
  0.2744509E-02
  0.4524524E-04
  0.6430827E-02
 -0.8818511E-02
  0.1268834E-01
 -0.1474134E-03
 -0.1470712E-01
 -0.7589504E-01
  0.1142724E-02
 -0.5479665E-04
  0.5551718E-04
  0.3681363E-04
 -0.2304055E-01
 -0.1517970E+00
  0.3834393E-02
 -0.8378108E-03
  0.3786756E-03
  0.7900389E-04
 -0.2909109E-01
 -0.2693631E+00
  0.3482478E-02
 -0.3170901E-02
  0.5418174E-03
  0.1087009E-03
 -0.2915789E-01
 -0.1000000E+01
 -0.1841675E-01
 -0.1128988E-01
 -0.5666776E-03
  0.5884538E-04
 -0.1607952E-01
 -0.3454691E+00
  0.3651443E+00
 -0.1148760E-01
 -0.1586408E-02
  0.1367264E-03
 -0.8533804E-02
 -0.1920162E+00
  0.8328109E-01
 -0.1993714E-01
 -0.6402232E-02
  0.4399146E-03
 -0.3507705E-02
 -0.1042876E+00
  0.1721220E-01
 -0.3004708E-01
 -0.7768815E-02
  0.5944151E-03
  0.4242414E-03
 -0.5410026E-01
  0.1026137E-01
 -0.3223402E-01
 -0.4258793E-02
  0.5721196E-03
  0.1069862E-02
 -0.2174653E-01
  0.3067680E-02
 -0.2285702E-02
  0.1822123E-01
  0.1727705E-02
  0.3561234E-01
  0.6217101E-02
 -0.7766047E-04
 -0.3255093E-03
 -0.6829327E-04
 -0.1867937E-04
  0.4979913E-01
  0.1344032E-01
  0.2298021E-02
 -0.1250599E-02
 -0.5356507E-03
 -0.3001917E-04
  0.5777472E-01
  0.2553301E-01
  0.7031115E-02
 -0.2823306E-02
 -0.1594579E-02
 -0.7727883E-04
  0.6090181E-01
  0.4813762E-01
  0.1840887E-01
 -0.4679592E-02
 -0.3877548E-02
 -0.2341574E-03
  0.6092968E-01
  0.4792813E-01
  0.5756455E-01
 -0.6989978E-02
 -0.8916161E-02
 -0.5362604E-03
  0.5860138E-01
  0.1810412E-01
 -0.1365114E+00
 -0.1486034E-01
 -0.1791393E-01
 -0.1560238E-02
  0.5596420E-01
  0.7588901E-02
 -0.3114295E+00
 -0.2801657E-01
 -0.3500537E-01
 -0.1883778E-02
  0.3222183E-01
  0.9990717E-02
 -0.7362867E-01
  0.1000000E+01
 -0.6030430E-01
 -0.4812122E-02
  0.9017996E-02
  0.8018286E-02
 -0.3243195E-01
  0.1275154E+00
 -0.4786805E+00
 -0.1760126E-01
