54
6
9
1
2
2
2
3
2
4
2
5
2
6
2
236373.94339374575
148151.6695615474
144035.24346461747
142425.6671572727
135386.63262431422
122247.58807975134
113845.85374176147
102373.68356400465
94332.73169157386
75806.52722518097
75605.32706680728
72267.99225281157
67024.01531307826
62515.890743307114
59809.59353403057
50545.950805483306
45353.944054344414
41877.33139343636
40544.55691090517
37511.73981908467
36094.43897248983
33611.74719377308
31503.305194067274
28209.158768529873
25051.97504249049
23566.375673095343
22422.04825360472
19233.861943848522
17872.321031384723
16567.39307918071
15049.923692999037
13940.588335000046
12758.352355141613
11699.57519848555
11028.516291465075
9385.731313579668
9090.883767691868
8492.208795681398
8093.20119816824
7671.072748242881
7520.440934932576
6277.142826895596
5397.136880794527
4617.927694994929
3598.591019356422
3493.218153033527
2120.8357348688646
1252.584813048627
761.5402589424339
623.1081498205136
306.93753697786633
194.0529092610609
24.969364224027988
-1.3262805272346159
0.1
0.2
0.3
0.4
0.5
0.6
0.7
0.8
0.9
-0.022156057075655676
0.011029368509296209
-0.00290394549271792
0.000371170998753464
-7.229718071162026e-06
-6.21178027115207e-05
-0.03658930498285507
0.025807207137621833
-0.010513546342561892
0.002571608584971348
-0.00023675808299443755
-0.00045410850106899857
-0.054156433135435625
0.04672763705556306
-0.02299241109233219
0.006704018269729758
-0.0006049207441302097
-0.0012695378842196836
-0.07814376179266626
0.07685255171980353
-0.04202775927412064
0.013324453684239342
-0.0010186310882805897
-0.0026175545394114636
-0.11297205235162187
0.12129694958184285
-0.07048597532099794
0.023045627312332898
-0.0013137392554837756
-0.0043323048515258806
-0.16588779102696027
0.18909818768615014
-0.11324027628905618
0.03682649625150431
-0.0017005527444210258
-0.006366173031594423
-0.25109817910138016
0.29768749055824506
-0.17922157652020998
0.056792863910252095
-0.0027600934015153855
-0.008204790808123206
-0.4023454936691575
0.48937326951429616
-0.28987874317784196
0.09127878577437343
-0.0074311059739436275
-0.007456716202892772
-0.8141738239130264
1.0
-0.5773124164320554
0.18570454125223446
-0.030768474668044707
0.0021872204339527124
-0.002914586452895775
0.003543864645205473
-0.0026156112998101952
0.006750423712831147
-0.0743009698415814
0.26275999346510337
-0.00018289654760204654
0.0014961082916468756
-0.020912711408339234
0.1413790507504474
-0.5252416285497908
1.0
0.0036072276935204765
-0.00336312757181119
-0.02813392018273664
0.1826925413807136
-0.557761984434607
0.8853677263392506
0.006541056357874588
-0.007578205479444017
-0.02263769868479347
0.14418563963445558
-0.38429791717404416
0.5432547990817177
0.00915576795981525
-0.010628003959575711
-0.015953081910042993
0.1045527243405179
-0.24489350305721402
0.31308938636538974
0.01083268247559634
-0.012942943082627795
-0.012117722028924078
0.07819689744939902
-0.15900955242319514
0.1829155516155518
0.01292683440163923
-0.014035780037844291
-0.011606153033027802
0.062150942725045
-0.10703392340888679
0.10817395482568236
0.016274002574196648
-0.01392352993932883
-0.013277778038286437
0.05095675673939409
-0.0721772458526266
0.06134236535087255
0.006114883462746772
0.0018982758416867852
-0.021812189936465564
0.040096336710527
-0.04262973388365398
0.02906067967191429
0.0022909859354272592
-0.002118120262048762
-0.008070867115387468
0.08900831826944781
-0.4013751627397158
1.0
0.0035951696713796373
-0.004084521400474649
-0.0003105464921536131
0.023383641011848637
-0.04404891380784608
0.051050131577610056
0.00047739203648442706
-0.0015844474251462213
0.020389751567178767
-0.10891764714650777
0.3500359548629558
-0.5503045362699757
-0.002235660838889807
0.002260004807592888
0.018516161307134286
-0.10112116905263527
0.2809488734350571
-0.3931852909934927
-0.004526267491267433
0.00517731737400966
0.013115489792109589
-0.07447237365925626
0.1822187387835633
-0.23076476565395532
-0.006014194279246457
0.0073716054432566
0.009748554455498602
-0.05557381407780539
0.1182839499252656
-0.13464208208152573
-0.0078072032972972185
0.008579944776940478
0.00899192955575451
-0.0441484513866219
0.07948542728787174
-0.07928712590926186
-0.010733184788205626
0.009017767609983449
0.009932331173698255
-0.03636606542607081
0.05356663287321169
-0.04476590833310036
-0.004646598657393132
-0.0011847732536676783
0.01566938902402891
-0.02881796480340804
0.0316406366955851
-0.021126290866990912
0.002817839312052718
-0.0003024534508405051
-0.007860902255747775
0.06320226278115584
-0.2510787920330318
0.573396310574456
-0.0025545266681503316
0.005383278158579493
0.02798855168180706
-0.1866150908524905
0.5886439716919221
-0.9677238843632712
0.0018525507705335973
0.00387058699101732
-0.0355684455521829
0.19322969710495724
-0.6307443026648571
1.0
0.006764407255740991
-0.0037677707653443497
-0.03631519396763918
0.2010004885781906
-0.5632529076427757
0.7909896097346815
0.011093151072656198
-0.009970911323425763
-0.025810446843590008
0.14942158545925446
-0.3689567009312187
0.46907788232788217
0.01393677505740545
-0.014734916263071322
-0.01899561984218972
0.11146142350160478
-0.2395276972541447
0.27388653852615963
0.017548345242514182
-0.01754500934612831
-0.017454847387759095
0.08852660473982714
-0.16086254362123337
0.16122095186011048
0.023760671851848547
-0.019031822633649446
-0.019331060816322174
0.07299645020304203
-0.10839777003546519
0.09097958885777911
0.010194944004961496
0.0027198298168839246
-0.03189547255230242
0.05827542243642976
-0.0641105203260862
0.0429251133513903
-8.914181786986475e-05
0.0009420185115647987
-0.0005261535896607948
-0.00034475978241590137
0.0016452404497948703
-0.0005208933581785272
-0.0005383247411508118
0.002078308379768917
-0.00024320978290996858
-0.004418673865577536
0.006793464254549233
0.007953695705100001
-0.003546755937812675
0.003948278228110373
0.022055355380397657
-0.10772883077629351
0.25328401145837365
-0.2967237017804159
0.004425689105426599
-0.00048006812806932397
-0.04314666366897944
0.24001723838093697
-0.7029047868723023
1.0
0.011334432556171854
-0.010088099702441136
-0.03212504615962695
0.19116613269228283
-0.4935904605096078
0.6362938979085769
0.016138740913625143
-0.01797262392765473
-0.022472013548780055
0.1421405797774137
-0.32041362463275447
0.3724575853218142
0.022358641167467826
-0.023397289671007817
-0.019908665031503625
0.11256800661720792
-0.21436012233026674
0.21854189904422947
0.03388544052265277
-0.028452868673377908
-0.021783851943580415
0.09323188863022917
-0.14439875338028502
0.12301891172156677
0.01474201086525555
0.0025913932700876814
-0.04117263995207846
0.0761552619562858
-0.08575453654809714
0.057959792527804796
0.0008462347453517107
-0.0002904352723285359
-0.0008192094986906006
-0.00023207640676475616
0.001220898093110655
9.685711834667316e-05
0.0011662103820916595
-0.00023520942627016723
-0.0008282162038527895
-0.005722750282059338
0.011014215994641452
0.000383898748374243
0.0012347471632217116
-0.00048149604888012384
0.003230427252899682
-0.02319047101673589
0.036548463037093304
-0.006432325317218666
0.0002848457884571172
-0.0020134115533916573
0.020939303848078857
-0.08216693347461473
0.1356843376621446
-0.08550294465605059
0.014701798910498337
-0.012327874484634179
-0.046367837901615916
0.267418603135319
-0.7496990644828125
1.0
0.027245119669872326
-0.030690215721520107
-0.027626924357484168
0.19679997183933917
-0.48687876125763513
0.5898543329785615
0.045315610939433745
-0.04786098961234273
-0.019393330154574825
0.153766451289316
-0.32207708317713624
0.34328179140872794
0.08608002344718112
-0.07751593838628423
-0.014346553534140593
0.12721282306268836
-0.21639159454204784
0.19206730990814191
0.034066826470012086
-0.0020493955406390217
-0.06279532381752724
0.11254480736778114
-0.12985896536393218
0.09004367180205479
0.04112901334837823
-0.01578649747807184
0.003532062331918156
-0.0002490537293727336
-9.680091046185086e-05
-0.0001463617353757638
0.0664966185613165
-0.036780345926209795
0.01232157769956287
-0.001964570054921911
-0.0002471472490208985
-0.000591547335658071
0.09671814636893555
-0.06606101805261197
0.0262054111036228
-0.004936012695230495
-3.887443642330812e-06
-0.001971399179856073
0.13786588190751653
-0.10776008388754275
0.04658242058448173
-0.010103924933374283
0.0023509560741397095
-0.006096106773982431
0.19840837348548715
-0.16917507837214865
0.07750590262597447
-0.023663434375875557
0.020624430200137413
-0.028903213848605037
0.2962248371636256
-0.2669841957964839
0.11865533253701752
-0.017002913529541513
-0.013615277194158757
0.011382066494569694
0.47719181833350965
-0.4454362504972544
0.19251043103352536
-0.023160096302296578
-0.020248276730293814
0.015924663738657696
1.0
-0.9613291126359617
0.4030466832465996
-0.07349717768152096
-0.0024864190881642998
-0.0002709315817636271
0.2646711930674031
-0.17997511551136908
-0.0012014858102591122
0.029314321413856648
0.002002086296454185
-0.013370217935564182
0.0030372212036298913
0.002543205034329097
-0.00181766938375215
4.723732884394978e-05
0.001250162912516079
0.00012549193165376876
0.0032523521362463853
0.006387168229254106
-0.00499913921578397
-0.0030587527040311304
0.00884298046206766
0.002284472854049174
0.002256346010474787
0.011882750297437536
-0.00765898249880117
-0.011770079902462826
0.02162200701318902
0.007657732224938519
-0.00025324407424837634
0.019312080654423826
-0.008240632873099863
-0.028098737094860327
0.03863565380155459
0.017295245581619066
-0.00495720348130995
0.028866558276959744
-0.004513610954388902
-0.05465765089493729
0.05900820624109216
0.031909719213223865
0.0028089830854783997
0.029284254627070187
-0.08380209717701399
0.2973600049568464
-0.7818222405765161
1.0
-0.00021189101026042464
0.035640638009410405
-0.08798261012728611
0.22944703692006083
-0.4908221889530867
0.5551544608823462
-0.031483479804804114
0.09616746525556721
-0.13795031928546836
0.21443705839443683
-0.3319042454088313
0.30682569614322397
0.05400996114101749
0.08478319143989115
-0.18582855476186558
0.21014629544447735
-0.21171515692985687
0.1467504305591936
-0.04288319635450067
0.0010808097439811823
0.0026166273624532326
-0.0014270399857886215
0.001198936197188705
0.00018437966900611966
-0.06309962930808363
0.0014024246586115353
0.01165003826392059
-0.010062476128673462
0.007698809386178943
0.0023106675142095306
-0.08269075414894406
-0.0007589360537194416
0.028636497484152073
-0.026675562626903175
0.016716284371392057
0.007406330258839387
-0.10507006580900244
-0.007674155728314067
0.05674099913080822
-0.05136058062444714
0.025656260160889777
0.01586113201452843
-0.13230002244831338
-0.023279920281079003
0.10086703722500502
-0.08446920380563504
0.030448952705144923
0.029839615290273912
-0.16637094142210612
-0.05436870151180328
0.16500961603300104
-0.10856586817889333
-0.012411094307455574
0.09464901540383786
-0.21248889816012934
-0.11442752206460688
0.28220016756986965
-0.20194026331432352
0.07008122163538218
0.012519506679342601
-0.24002658163245189
-0.2755460049657425
0.4979203159831237
-0.3179202142324298
0.10311174977331797
0.0013614839172001111
-0.5146591567713086
-0.5443106334121979
1.0
-0.5910684003558688
0.17079500287126967
-0.012317178545419248
-0.0023211342195491266
-0.0024004035114865113
0.060894454915201374
-0.32847587009290535
1.0
0.22148101024985042
-0.0033453224186359046
0.002169112482204984
0.02750863545773607
-0.10058201809869231
0.2325863612235331
0.07873118378345663
-0.004561053083235235
0.0042661642353651955
0.016234641852331633
-0.051197576160844374
0.09867142397087958
0.039634381374046936
-0.00659623767036836
0.0062717910915850465
0.012050344220519373
-0.03728777780362272
0.060556068858742096
0.028213797367125683
-0.00954565117186343
0.00850526312588322
0.011544161254089228
-0.0349827057722286
0.04486294510745303
0.028131597963632068
-0.014612734055141862
0.011659976977488004
0.013059459637249103
-0.03488703921011492
0.027245145539813314
0.04319110830116568
-0.015463141891682389
0.008430230298765372
-0.0058696729373917825
0.06932067466648774
-0.22389176004319683
0.31383468689052574
-0.01346783273269945
0.002726368464031495
-0.0025947249405038567
0.05106628707253185
-0.13501654020794698
0.16061567707069452
-0.012859177545725832
-0.009259346095912443
0.004208611248454303
0.037744983610784384
-0.07876290634478572
0.07423924142244072
-0.0041453203649144165
0.002976946062714957
-0.010730589712485868
0.04931741095548955
-0.14552793615200257
-0.03288389351516987
-0.007505165677771677
0.005838484611355539
-0.003701283137958542
-0.0032317432437819348
0.007266332314152491
0.0005721226327567171
-0.01199669492121468
0.010492569421593224
-0.00025494085353567003
-0.023688591562845442
0.040289208045581185
0.015554011671488925
-0.01858982783006456
0.01663717714683349
0.003942466793002829
-0.041546123905995894
0.0557550773681412
0.030650488823781706
-0.028396300879360306
0.024120440976612666
0.011192951024328863
-0.06096714106139178
0.060412850160071925
0.055792283820313704
-0.04446870752846915
0.03363005243839548
0.021647284593155944
-0.07330556792626644
0.02895947582979896
0.1210229400131985
-0.04645124251651573
0.021647162493898173
-0.034766996435846714
0.25360455479109134
-0.7622227816492034
1.0
-0.04439963331567206
0.0050715406787150315
-0.019865655378445167
0.18384844523054195
-0.45394042943863605
0.5014960120192495
-0.04935569117251641
-0.04216980032287173
0.018824874783746566
0.12725483448448038
-0.26049420788289396
0.2288090519104161
0.0038448862437271175
-0.0005000121628373764
-0.021488927677026287
0.05543157760467891
-0.08530395604701538
-0.03492488442528299
0.00023496634063714075
-0.01321420075110075
0.11739446498158346
-0.48816214389900453
1.0
0.3081797708610422
-3.647473534285476e-05
-0.005608743432737486
0.06575845280094522
-0.21415269115000388
0.3671270282029793
0.14308363853471878
-0.00028716698779512596
-0.003015632405376212
0.042785534704429126
-0.11682488762319425
0.1780052848859116
0.07636164123798829
0.00039621637770678394
-0.00249013083633478
0.03141183409982282
-0.0743429186559868
0.10343998770558324
0.042261434472871666
0.000923862829672337
-0.001534380904974271
0.024296987818863535
-0.05348285079313826
0.07097794423482456
0.017415857698277724
-0.0001124023631792658
0.0015779097834061795
0.0232225887291452
-0.061681412551876445
0.09993191770539334
-0.049811625393827386
0.003235744076963798
0.0019390268897036197
0.017438807589152554
-0.04170905509308009
0.052066600112211044
-0.011311685221555826
0.011740746400013019
0.016333973831527012
-0.0047809225723275065
-0.01993426546430056
0.025070601841578895
-0.0014352923480935597
0.002068716374391326
-0.0020664727961582255
-0.004957533425970772
0.0072630195908327975
-0.002194830916957281
-0.0005277187580730727
0.002890889043924569
0.0019986329580297243
-0.027371583677721436
0.03970321302450577
-0.0065085881281884165
-0.024717728689793328
-0.00186518099264828
-0.021449709287445922
0.16324076760349565
-0.5953185641193439
1.0
0.35613660916443657
-0.004885095856141177
-0.00999701276614285
0.10356496141540246
-0.3219316779179923
0.4771444996302948
0.19768043811172692
-0.005855338300067902
-0.005343686813058371
0.07633446019946417
-0.20751963421053718
0.27574699249896883
0.1176093168108989
-0.008985617996055472
0.0006119794954991147
0.060644246974214236
-0.15166741058775826
0.18243970855004132
0.06607341036558613
-0.01869886993853995
0.01193164286325786
0.0525089519806116
-0.1328597057658123
0.16154912413511435
-0.0020625296013894014
-0.0036895256837852176
0.0031922954910252425
0.046725932419190895
-0.09084828462839724
0.07525149972862766
0.03690787306007353
0.01745864934073184
0.03148180408400365
0.0018499391910928407
-0.04533482662589475
0.032957878873848906
0.02574993226200698
0.05025645797923423
-0.019331013372201993
0.003043383845131699
-0.0007398248588516678
0.00020560852229496596
-5.048629736869264e-06
0.08192032560083026
-0.044333494660627845
0.011542175068173425
-0.004559247040030402
0.0008421352044006254
0.00022667907711185648
0.12079226714285049
-0.07932166394115645
0.026590912592879233
-0.012954765411938232
0.005322627770952798
0.00241763240335631
0.17635569858709324
-0.12884240760753485
0.041417810752415844
-0.003456823937414904
-0.017677633316545056
-0.006854193800461215
0.26549990737199053
-0.20607172622856415
0.06801026095678715
-0.005832324675284344
-0.021954275512938215
-0.009745494723929837
0.43544046486489796
-0.3484251420425986
0.11617449508469231
-0.012687595403215016
-0.020434350435034283
-0.011185655544375754
1.0
-0.8054889095772765
0.2711298349785834
-0.04038060296308331
-0.013531089712379575
-0.005649227952128276
0.339860087703557
-0.2521213488203338
0.04009467469167832
-0.02776851717940362
0.05429279796328182
-0.06587859438576067
0.11858481952392545
-0.09827378417259056
0.0142028278513468
-0.03361487205027871
0.04383038716785498
-0.035527436572600705
0.010394733189193957
-0.0030201922999044005
-0.003098034455526399
0.00451832040328668
7.931758509274709e-05
-0.00015643665559615308
0.015894983742774316
-0.0029894515434418533
-0.015012805696311941
0.018792459063884475
0.007157141587842021
-0.004610566341464978
0.020679023533564832
0.0013504162209196484
-0.03398819896063904
0.02893492434350635
0.0386100169370372
-0.01767880371662534
0.01888743135835769
-0.03563705187834478
0.19908429752217266
-0.6697295304617334
1.0
0.37635732266671246
0.02292955101840327
-0.03191073351635792
0.14743715916211433
-0.4219958596150763
0.5580143078514065
0.23220151415868984
0.03118120627999053
-0.03392362649981528
0.12574558513210674
-0.3085252837556618
0.3567462512015087
0.14629374674087764
0.07158076225992337
-0.06389330489621509
0.13006117089423572
-0.25568829191182846
0.2627717757669511
0.07116053792221877
0.024886011051316374
-0.02641476441428973
0.10614367331340256
-0.1800407873123413
0.11673082387394643
0.1131680910159927
0.03610853068401699
0.04036476783723114
0.035836587616511914
-0.10858171567398646
0.05582041686246953
0.06588360524528164
0.010839454923490121
0.00039475759938223024
-0.0022268753148175268
0.004641370705724116
0.00040721287535793024
-4.43988680737698e-05
0.015469784246041021
0.0032810618361085835
-0.012402258930097899
0.018930089713743197
0.005575511832939586
-0.0014028104233387627
0.01893148846483957
0.010449687554789795
-0.0301937752730188
0.03507756815267404
0.020613171746954387
-0.006099129237380416
0.020829848189219156
0.023988148652284907
-0.05256984017909632
0.03816915513212469
0.06421765725282114
-0.014903617902455951
0.0164356287493809
-0.016411900962624074
0.21101310497458592
-0.7060185846131987
1.0
0.3707910705448599
0.010604773745764812
-0.004475339712351509
0.1784289778370061
-0.5122322631315057
0.6190119238364882
0.2566423916335779
0.04704881716524221
-0.034028814461979806
0.1942689371414136
-0.4241522054773174
0.41758866160119035
0.18383724157768594
0.01310060160036636
-0.02965340636598871
0.2033966608529908
-0.3018095160182511
0.12437151372264603
0.30418394999740905
0.04448167818072054
0.07795877037495476
0.1323956443000173
-0.23371992980543954
0.08017843625771043
0.15029954405808435
-0.025495494987366533
-0.008600349194531242
0.00023521983419862237
0.0008410616584852648
7.38943139891969e-05
2.5158480470183576e-05
-0.03424511259889978
-0.016678104529652467
0.0006565905856744991
0.004821323600834122
0.00027838689489568635
0.00034980587722187545
-0.041088061466552424
-0.025896233374498336
0.00021673143613310983
0.011334525002112777
-0.0008149372347107176
0.001298800104790936
-0.0482583526499049
-0.03673597958346186
-0.002522528458309864
0.022817470166581574
-0.006341178805059534
0.0030254964043425056
-0.05694241302241905
-0.049068597190091066
-0.014841936274835186
0.057260153411691786
-0.03842421041568733
-0.001329753324901198
-0.07347006640755911
-0.07101913988371981
0.0022259584134690646
0.012129795274191542
0.022458081907851025
0.053077568044455195
-0.01430022268540969
-0.16690396149975245
0.03059096750111823
0.017600046403967638
-0.02119412376089368
0.14974507500774423
-0.06315816352416226
-0.20355124889876466
-0.06892243875398264
0.40087058542883086
-0.8213739228326777
1.0
-0.07058276159190592
-0.2043940133655088
-0.287604629724266
0.5420101488519045
-0.5493743065862046
0.4217931004510822
-0.07243177610259574
-0.024989986856607617
0.0013727426944963382
-0.0019217052004441508
3.676934877449126e-06
3.8427277721532874e-05
-0.0969161165687509
-0.04995637956973832
0.008430587659725012
-0.0034638314764572136
0.0018404632986627827
0.00031261041916928213
-0.11547418913171766
-0.08076843865155857
0.01948348054844407
-0.005925645982380013
0.007088584697187593
0.0018039601186707345
-0.1343445530843412
-0.12094451274245581
0.03551502931347869
-0.012659163749412979
0.022245371864430215
0.007626835644224408
-0.1550185975685601
-0.18120591801202102
0.0708527549232856
-0.051881376965589796
0.07407243492642959
0.032465756421221466
-0.17455436917067357
-0.23591382864616658
-0.049813789646276675
0.32622915749821474
-0.355314391439959
-0.1483494146949541
-0.22728234105011572
-0.32772537378346234
-0.09059498678076292
0.4002236962859518
-0.3002225546568364
-0.20127845705099448
-0.27419825045431034
-0.5565814034134986
-0.08422683335104036
0.37901886065861756
0.020111557522400084
-0.5255057401259724
-0.20039731268275504
-0.5337589817441836
-0.7775569539338807
1.0
-0.34781244892474483
-0.13418255980558222
-0.05077114621425244
-0.005084908418734096
0.006552031173215148
-0.0067936006048983505
-0.0009145167362122166
-3.881010267473849e-05
-0.07203200754757691
-0.014621788700330577
0.02731777831668474
-0.024032000480678595
-0.00595231079344548
-0.001098333414534415
-0.09097136934337462
-0.03126234236460084
0.058596030797195296
-0.04203815701113
-0.01398736427451583
-0.0038899933086839443
-0.11181506696917072
-0.05801462300405585
0.10006860536758241
-0.056538610391960176
-0.023941541949350706
-0.010139769038947576
-0.13672137416292865
-0.10084461194689383
0.15466363185757
-0.06726012984813086
-0.03693247347886232
-0.024432397352725232
-0.1770309978328241
-0.1900659009566932
0.32738611388604033
-0.30948989436955343
0.2151809907839846
0.06968021002870708
-0.23073206585334755
-0.3522961960094227
0.5080127625225542
-0.3537407580078961
0.16385663599970018
0.06061008920001408
-0.41243734221961437
-0.8507697982003415
1.0
-0.5153792703343592
0.18688254919519895
-0.014109334840427515
-0.070502014731842
-0.14572113806437326
0.29220020160167715
-0.17850322517783718
0.06340584031201126
-0.0002968456348421733
0.015677529520705544
-0.021580427575445545
-0.004435435635577692
0.02326744905960175
0.0030548246227910937
0.00016451407549079048
0.0321981391776645
-0.039448863306683166
-0.02628008644933317
0.07120785622232105
0.017962367993673036
0.001117928684604131
0.05475862447778765
-0.056472537003170425
-0.05846946329482459
0.11415206435190779
0.04347988081310859
0.0021757440264686873
0.08825028880502465
-0.07435620119411378
-0.09878352488242668
0.14222784203284092
0.09007336036774548
0.003989573710113522
0.14570330682514307
-0.1019198297359875
-0.13540781495186296
0.12492813265892848
0.19725107588167767
0.015408817697792027
0.2869992910825456
-0.22642861975505146
0.06961949092187315
-0.5114779214847864
1.0
0.3067735385698659
0.1425756483516036
-0.06718399842979011
-0.15154680751389119
-0.17022776662619638
0.5259202718558008
0.12237990564895357
0.1492101683210514
0.12471026069177232
-0.44075809342849503
0.017388917684129444
0.4568581408294798
-0.17592320932610742
-0.017900732303903277
-0.18706290554191413
-0.5558597337870821
0.3704296447234507
0.02335081482192451
0.04766630094720579
0.06022524188051027
-0.018518125244791236
0.003604560989773171
-0.0035250059139655073
-0.0003872695486006768
-4.884322373403141e-05
0.09811985682737707
-0.04393322992369844
0.01389970911076188
-0.01231946773754439
-0.002327699091677543
-0.00022550851013247505
0.14712702493387697
-0.08074898367583745
0.029010758915851448
-0.01848952531246469
-0.0042626330075792055
-0.0003604993798709043
0.22434985926865836
-0.13828354380673025
0.05021009979298257
-0.024384070152113274
-0.007536925828096924
-0.0004959843024843615
0.37808139901940846
-0.2444706111072721
0.08434493221228545
-0.03016480342374502
-0.012444852511333046
0.0008921533513547798
1.0
-0.6458606229004732
0.1820566059991736
0.011693498958989228
-0.07996471689683872
-0.023445673690713115
0.4115713921334226
-0.2483728130780615
0.05003881144519711
-0.005739498265354389
-0.012629351317540517
0.009894500298489779
0.1958035192033141
-0.13394286186319937
0.03247386721925446
-0.01815032593450579
-0.030172164564806644
0.0568201723434743
0.08421068151732515
-0.03638463661113834
0.030331986932386087
-0.04816094484695145
0.01255934436435813
0.008338035355901153
0.0020215494290767855
0.03643371814852456
-0.22785389966702355
1.0
0.14542932401391429
0.011879875575359777
0.004285654382184517
0.019162096075412048
-0.07284741611074352
0.2732577402952458
0.06507998522881557
0.008241109076777886
0.0035874468958545596
0.012685464023242232
-0.035005032133121707
0.12031726053093976
0.034193622647085566
0.005806547711081294
0.003515370714922118
0.009103807347765438
-0.020716872939701206
0.06783969598264626
0.020392236904471603
0.004183737628471528
0.0033049300027266767
0.006454222201600214
-0.013611593971134454
0.045066319332531864
0.010759847384358586
0.002554945899257357
0.004253639086515577
0.004358175404313772
-0.012405666274801467
0.03997950907139184
-0.003791550081826655
-0.0020556247882960363
0.001718335406243672
0.0022880309060921864
-0.005023012574024741
0.020077824662704087
0.007330150034112995
0.0020881592561487056
-0.004082620218799453
-0.010381884544228689
0.01054538326484042
0.005980385546412825
0.0074471926592818765
0.0033925906193661985
-0.00015458937793308528
0.00043478948765315076
0.010554009549887724
-0.0032231162704045805
0.007782477798530769
0.0007322669355524293
-0.00625023729058041
-0.01657003606126421
0.045487660462121646
-0.05485641962167385
-0.0156611673703894
-0.0018736094157710914
-0.006907209500325641
0.06293454870441176
-0.33528388834104794
1.0
0.19841647887991665
0.023341053679024688
-0.001836647955679902
0.0397126167913491
-0.1623289684398878
0.42574038937068415
0.10961951041045359
0.01668961768555903
0.0023612056059693453
0.028681208453514826
-0.09982964152378904
0.23692156538101214
0.06784136156060973
0.01252566239556944
0.004465482947317262
0.02141290312044421
-0.0700612075113965
0.1559582598888592
0.03970754402554869
0.00811766466292674
0.009536934165716979
0.016116099095797736
-0.05980947785554913
0.12561976329195357
0.006707106270207037
-0.0016355405011509122
0.005519824059748916
0.011740957705521025
-0.03565767127428135
0.06051873810097147
0.040609582227135586
0.01060721625547959
-0.00946687862224263
-0.02460113674068941
0.010987284961604286
0.018552419876973026
0.036925368699317916
0.010058911581863679
-0.0005577079351856357
0.0006331270039850516
0.021685480480854523
-0.011303843900630208
0.030950958965151487
0.004065127568432673
-0.005457399944072313
-0.008391209555231233
0.016441349432778692
-0.0001635931246854209
-0.0008044805416486241
-6.616682667725928e-05
-0.0004976232004504391
-0.027298221366491685
0.04215846317940521
0.018418376204587875
-0.0036397189560707912
-0.0006321259437177876
-0.007935426841032356
0.08058084964380587
-0.40014384007904563
1.0
0.22169669017246643
0.03072666006021604
0.0068652304334261005
0.05695123497968484
-0.24789342021282845
0.5506276390804656
0.14588317020895242
0.02399906302353472
0.015839250919609166
0.0434342312879222
-0.18085363247094827
0.3632034297241582
0.09666909975646766
0.017124328253760413
0.013106855677039547
0.04635819869298845
-0.15966178249096163
0.27595765822698387
0.05257426295130581
0.004721915187690399
0.012617743838534305
0.042099632773134825
-0.10560096358644291
0.10965410802971416
0.15409695297161602
0.0384308493606079
-0.012077231341354317
-0.028930941920046707
-0.01934192927032211
0.0342885195501925
0.12293366265726516
0.02478619624870994
-0.0015630675290330869
-5.326074337693409e-05
0.01613823756851504
-0.020728664733009876
0.08199237816621716
0.018820725055396836
0.0028156653812058535
-0.010724905274570167
0.0026489491166351476
-0.0023624764009086275
-0.0002530455890008288
-2.5222593198213345e-05
0.010319289540692923
-0.02571623597775153
0.013848810907385828
-0.016230878932910857
-0.002980193745928699
-0.0008189431843669003
0.02586011004477845
-0.05437346438453016
0.05120720729101649
-0.07155236205426777
-0.015938611174722568
-0.004350089623546557
0.0438744495725324
-0.02760085768658386
-0.12185985613353893
0.27356365056625814
0.07262797083288867
0.005092191301073307
0.12106739884541896
-0.06062716130013601
-0.13608057051668546
0.2539968652430058
0.10169003168751253
0.0034889724126606894
0.011437729123310017
0.020387576937765925
-0.18636868748341287
0.2067263812543923
0.17184187832631467
0.0025177824683978297
-0.001558158295032426
-0.022251963498470417
0.05736440468262255
-0.5074685126285099
1.0
0.2479190374746802
0.009892358869359814
-0.0017968963343190062
0.003184603902014366
-0.3553091378328178
0.6269250928510752
0.10895231849232438
-0.00029860490241550495
-0.030348598735983633
-0.09865400781308631
-0.17595752555120792
0.2649195456883105
0.1511821169959676
-0.019650136391098895
0.00024067670580512344
0.013306652907633117
0.0015347707305544372
-0.0003478107447056729
-1.725336542909359e-05
-0.02619868341949811
-0.0071488925144346255
0.034512398234904984
0.01580277421605636
-0.002234075840436018
-0.00016384958541541312
-0.03034543260077599
-0.017528822841785217
0.04569011109832828
0.06274621536273238
-0.003536453397323414
-0.00021700063117645346
-0.06706024831897257
0.13628197000116665
-0.4433500251487251
1.0
0.2104528888889152
0.033646987222243296
-0.09942164935801769
0.14270526612863677
-0.3002416508314273
0.6051742739950555
0.12316900346828094
0.026361602149917104
-0.010575380065957603
0.10376593473658009
-0.23368604774689125
0.4367248196328319
0.027902071323345386
0.014042645081463141
0.02201583060518394
0.15834809380543644
-0.3151622275576718
0.5596953938573463
-0.28727011431340194
-0.07357720627900888
-0.02282264691635695
-0.006131054799893215
-0.12051435590302544
0.32319728032955924
-0.1260068818418846
-0.019584643533797727
-0.00475341811183481
0.02626622241752052
0.05192935945157432
0.09441801461500018
0.002406887453200266
-0.05061842093887344
0.0629888843269104
-0.01844087835315042
0.003938640682460853
-0.00028001354230475483
-6.372807293058434e-05
-2.941949276083811e-05
0.10611950203468375
-0.044043152637303414
0.010912373588122758
-0.0002929815696354737
-0.0002522703553791749
-4.682108724154294e-05
0.17031786960624762
-0.08411014415258328
0.023054062008086337
-0.0011219157003105327
-0.0008515887623242123
-0.0001890751610755562
0.30145201288726814
-0.15796007784869218
0.03399332243629935
0.012471897831675783
0.0009941804765870377
-0.0001362540518009628
1.0
-0.5274663812741538
0.14715016991133473
-0.04095873402730891
-0.014926483013148955
-0.0013457630842653833
0.4802247132818563
-0.22712473335556368
0.026111756509445364
0.007996838050196358
-0.0263742072744021
-0.0032255266867747133
0.26938084200484347
-0.10002556278078377
-0.037819216943930034
0.06899309188166379
-0.09566344728050025
-0.023911231007101692
0.1409224855881389
-0.058265911972346006
-0.03132333706679538
0.021032420079244923
-0.03979653391573877
-0.0013905763426849027
0.05953403327985786
-0.020639099696163763
-0.007876904127741221
-0.024273830445862253
0.0170479609207301
-0.029958822118892916
0.07185298122139852
0.0164674931702196
-0.007727028623463563
-0.0019050950457179597
-0.00025435079285459315
-4.490228458919794e-05
0.09631963908360137
0.037568291860507766
-0.02537399785702396
-0.009966804338698374
-0.0024739281879956683
-0.00013376734170310266
0.11974938436920386
0.06364891742357537
-0.042681824261885166
-0.02678512058789417
-0.008320865879682771
-0.0005720170177857328
0.16256251122579202
0.08812021296881319
-0.04833391350786519
-0.06485195854781929
-0.024180232559511974
-0.0022044003677638953
0.16894768728726917
0.2467469999188897
-0.3424277202122707
0.36560383948614983
0.05994049092483847
0.012248541278913023
0.1856191455794603
0.43499979382597675
-0.46864303354268555
0.34561768449737423
0.04800900462106229
0.010953003201674779
0.28810746367166123
1.0
-0.8137681829484037
0.3493276829428544
0.059565958213481804
0.011626621808527748
0.08531925327860779
0.31933513428864774
-0.18903939987425292
-0.03804704934479527
0.17888488571804317
0.04900722949589186
0.02598699817404794
0.10637877083219906
-0.08036070290211048
-0.05114876636098475
0.08369195279807799
0.060574000026762866
-0.07182952959332133
-0.021939569805894635
0.020865400574565356
0.0019105817298204957
-6.468961589050617e-05
2.5400593617464992e-05
-0.08775965757147575
-0.05870306223176249
0.06282403795983078
0.012200857692267501
-0.0005289983553530773
-9.306156746524902e-05
-0.09088755661223846
-0.11225378817003767
0.10932512286434129
0.03467599345588233
-0.001824440893535158
-0.000364457879730485
-0.06605386642536304
-0.19432186319528152
0.14905561026763034
0.08706583517454236
-0.0018618140036185588
-0.0010588297085470915
-0.014803420203810558
-0.14430000586223338
-0.31458393544978464
1.0
0.18763179160504428
0.02690911117549079
-0.06038295809671969
-0.2609842577406282
-0.15370600213283242
0.6687786643450505
0.11226442320880993
0.015229563168276127
-0.15001191411840628
-0.6438896985132091
0.08275721766291735
0.5041683288427979
0.0034194935446355498
-0.008128899177908289
-0.06782389489282566
-0.3040161242019342
-0.25027725753365365
0.5754421726922407
-0.054908555325595715
-0.03322948889000416
-0.016710593103056042
-0.07355604996907218
0.03972061997986047
0.1770938405960847
0.10704808252152284
-0.09745032320447607
-0.004306968425420382
-0.02164535834693337
-0.014958719710736958
-0.0004847554222808387
-7.212025217360537e-06
8.524768004051116e-06
0.004070939863153877
-0.03653588066370439
-0.037475283039026044
-0.0028166649416827136
-0.0005976884892816396
-0.00024394470274747193
0.023009694669456647
-0.052952476637026305
-0.06100643704599159
-0.0056455557858494845
-0.0018477836683485158
-0.0012057268807775118
0.08598664499019175
-0.08574285414799562
-0.08533827793169853
-0.005839483002472725
-0.0032596919367834033
-0.00347047168064858
-0.00851047051644698
-0.04814758783971639
-0.12437503832967027
-0.021705335454553155
-0.00835365495058647
-0.00963837013505171
-0.03493742176440659
-0.046564653909798165
-0.16242814034420236
-0.026374923227117816
-0.008537724560613334
-0.022562786306342578
-0.045856542587739094
-0.04804245840374999
-0.22130287545704747
-0.026600400182566205
0.00029320723191678225
-0.05333823553453897
-0.04302590055171015
-0.07546793883496566
-0.3122713323964277
-0.07246662646935062
0.12848116784232438
-0.13189377888492124
-0.01929742267951171
-0.05443018879025729
-0.2288113026283159
-0.6912843649891061
1.0
-0.8840368180256463
0.053961465681200346
-0.013526048365985128
0.006879944516293195
-0.000115927405070044
-3.3584611806347705e-05
-2.435876182507017e-05
0.09839094621065972
-0.03643952252711383
0.016955526253255727
-0.0006489536523760724
-8.494621483092395e-05
3.2222235980166205e-05
0.1929136121605753
-0.08342918431197067
0.03469369266668914
-0.0023122427721041865
-0.00025305685368980107
0.0002070942857579184
1.0
-0.42547777335039283
0.1053409221532377
0.01927186244098395
0.0036210741642520657
0.000990449879367334
0.5382377650084978
-0.1994142049578256
0.024736427262370932
0.005962180100472634
-0.0011360990035995226
0.0027072431482466548
0.3195763744103257
-0.10807616681677432
0.003200346272724688
0.00337291449429311
-0.005860724964715607
0.0024664312210822886
0.18398119381068298
-0.0883269895387797
0.016921670786725893
-0.0040241262352166424
-0.017988836883600496
0.0039428343350210015
0.10567556837421441
-0.03384603678966681
0.02927255574839375
-0.06684625811789648
0.0414892346630097
0.03767978557678243
0.04560707679701467
-0.012207620957289191
0.010022177620856111
0.006423872513287815
-0.09139000754520578
0.14663752133851118
-0.022622257786804982
-0.0019420769889622568
0.008187967034588906
-0.0005869752642968195
-9.588439798518439e-05
-6.343072148274923e-07
-0.030141916374404002
-0.009117470303871049
0.02450182453418945
-0.0036535481302755945
-0.0008646436174441079
-0.00012770897698259468
-0.03986260071400447
-0.019743112644227893
0.044381912629284946
-0.011829337940302375
-0.0031996848048049206
-0.00048511429398149695
0.07573720796852547
-0.08969966708460746
0.08511491959085425
-0.030639062569914926
-0.009047736502439018
-0.0016003300440477649
0.0437807650914534
-0.12102194234419407
0.14749264950847302
-0.10884981479992174
-0.030455986902422554
-0.005202234734105678
0.04274884428534869
-0.0729686636103238
-0.06396232047806912
0.2687994776876358
0.02658113229490415
0.0004329053309920776
0.06028470327541814
0.0708146154023149
-0.23683302683373694
0.3678246964956992
0.027145089731151907
-0.0087883567965046
0.008110463435881251
-0.0763410613166653
-0.576363402081447
1.0
-0.6181095529680432
-0.1762564730611397
0.007519981667398691
0.013931091622581172
-0.012311506700823175
0.5727425276291802
-0.16767387479912793
-0.3498006866967065
0.05355682116716178
0.04736334845702252
0.03200779832762444
0.001748127619071842
-3.169645709826995e-05
-4.478874067768528e-05
0.04650896047152187
0.08516340265730821
0.06694358441532494
0.007785902647353723
0.0005915113432086393
-0.00017720587749976477
-0.0077116444465996714
0.14010625605227425
0.09225639464730387
0.016118666339085416
0.0025523362986271067
-0.0006025659061105108
0.11416200457666117
0.13368933094034208
0.1307250931242238
0.03472326007179257
0.008544658875073479
-0.001805872483538247
0.14027348933094927
0.1981496445341956
0.13027116657770474
0.08142305000770568
0.02434908187600467
-0.0033549540915888887
0.11793554181703167
0.13450535657874624
0.5515083137553786
-0.505865674616034
-0.06762797740935633
-0.026065968482317473
0.11609049626059963
0.2108032764285834
0.7137333711761306
-0.4838573902673667
-0.044485443784766245
-0.048327350267823435
0.08782449607738638
0.25327657266321424
1.0
-0.234540361094607
-0.45788964278788474
-0.20963661666504574
0.026593215879468078
0.07318775046461175
0.28236401336596406
0.4133085255573541
-0.1573627150363137
-0.6854927267919598
-0.011642871896216041
0.03822244083494892
0.07830170831233303
0.004198590296535138
2.893602254337234e-05
-1.943121220217245e-05
-0.02519056196022924
0.039906171019308774
0.18228651235561
0.01739419664605417
0.0009158443087926493
-0.00010269859854501701
-0.10967225894276783
0.0551636008322368
0.26453974183478035
0.033332149681614825
0.0022155102452649203
-0.00027126697781906236
-0.06607744074971433
0.008028565756923619
0.3559063053877573
0.05575622842747706
0.004930356010198845
-0.0014063511339848862
-0.05383805668296386
-0.03924663941487782
0.4278747119934682
0.11143850539756059
0.013805784371349543
-0.002609136846313279
0.0037832718345186278
0.1885351592573908
-0.09141642563417994
1.0
0.1718904504483272
0.010422644747443458
-0.013889647067911582
-0.0005632104973171307
0.17524858779867333
0.6339457484839922
0.17156078764095542
-0.013363531825960364
0.003101705843890659
0.11750617830538083
0.6687845555069312
-0.05450697078104875
0.6216694413620001
-0.00031676673001342266
-0.004935113940840289
0.035578916846594956
0.20195086973398885
0.30857097049137827
0.4345406077944051
-0.4253310603534048
-0.021789560644258014
-0.0021174818390500153
0.009058236230876048
0.000231056024283757
-5.1105006659059466e-05
1.5739617404764497e-06
-0.025390978984490734
-0.010189823597522666
0.024332800721121577
0.0008375777969705181
-0.00047268236283865554
-0.00015475587377899538
1.0
-0.36257771022158086
0.13711232679753657
0.012991789003697336
0.0010468122230724087
-6.881995267709264e-05
0.6048974708513424
-0.18790774167374985
0.045026600584926996
0.012371936514461888
0.00023444114517730619
-0.00010420193580741684
0.38275557800803994
-0.09193121857717346
0.014026545358924725
0.014875602314532933
0.00011318381353088768
0.00042005765751201667
0.24564371813551855
-0.03124629394013613
-0.005897051719046694
0.03643903880755699
0.0025859128089744973
-0.000932227493784706
0.1507903965673548
-0.021210133909721415
0.022158673844363326
0.013231532412294465
-0.002162517951192417
-0.004324576742781347
0.08588301358449311
-0.0014618926957165644
0.04734311409349958
0.007891536108070316
-0.024737026856484594
-0.010759527498145781
0.036481532845680696
0.00027337739218103737
0.020293548035736214
0.05876480778879474
-0.025530658570784782
-0.03681101658401562
0.22687941023270766
0.005056315865528173
-0.0981563972775364
-0.004879068309028069
-0.0002699830388431151
-6.584362627269615e-05
0.22333294905055184
0.07082705086524406
-0.22099449492737558
-0.014030452775099345
-0.0020107928008108733
0.00012564500057284683
0.16875566493954772
0.1558196022214276
-0.28558029463726387
-0.014354837409408315
-0.004323357571914294
0.00034857639506665015
0.14840845662035665
0.25870326024990853
-0.33965127171224324
0.003084290950701705
-0.0074843429970048135
0.0015772122477218215
0.15161549750810796
0.4307028200528348
-0.4290393700512979
0.04813830241095708
-0.01383408196936435
0.003464490112913705
0.1989759257214463
1.0
-0.7920909232180381
0.2508835469539428
0.003170908590815565
0.006691652598354754
0.08481694543251493
0.3754902992654578
-0.06701841968866616
-0.3855957674558966
-0.13292378446825764
-0.007080590975043844
0.04188266473141563
0.19499663268348189
0.12344216077828092
-0.19032644773010063
-0.6188459444926897
-0.04294746421873276
0.013562762865762735
0.05904851838724294
-0.028309348578421056
-0.3466354097332236
-0.2915167976873029
0.18699872400302575
-0.8052655352280381
0.088601103737321
0.17335187029872487
0.00849382769506804
-4.757501236798885e-05
-0.0002258956359626196
1.0
-0.39326495723340593
0.4018802388958816
0.032763076351897576
0.0018255841723645069
-0.00040318510877517
0.6919067662084135
-0.21968839802789072
0.16162924465463804
0.019120994614711773
0.0013032284304487346
6.601520011509427e-05
0.44850489765971735
-0.12106600630910062
0.06701540172070264
0.014438512112642094
0.00074390961118089
0.00010637167645879215
0.29297153367534945
-0.05757024503848621
0.02562596165931753
0.01245359091482038
-0.00016655611069645016
0.0007777744282161268
0.1906425330682072
-0.015345121783125302
0.005126005225192676
0.01114633249705407
-0.0024165622702296396
-4.7902747466844736e-05
0.1179349822253684
-0.008141272885645357
0.0141213130076804
-0.006358464122786839
-0.009965478826689496
-0.0013831674588439139
0.06622034615884208
-0.0028946364701794226
0.002344918391972101
0.0068605826996769766
-0.04256638007491284
-0.0027307924211368755
0.02838753216986501
-0.0010086218555778374
-0.0009670325749066337
-0.003750100113109017
-0.023412425103097798
0.010058492020199764
0.4534248432418269
-0.1861201511727797
1.0
0.06431113707713541
0.0025228172469708514
-0.00025076664906693955
0.22648775274996275
-0.056497969320188524
0.34914854918449767
0.04192808962680609
0.003282850949624731
-1.359628558853179e-05
0.15517309309979385
-0.030126001560246144
0.19397811068809004
0.027074653715773372
0.002888770313868248
0.00032302645125089783
0.09919065288598691
-0.018754256312761227
0.12565724002555237
0.019024546436472355
0.0020620391308206944
0.00044020801802239156
0.06372997553579363
-0.01340652622787779
0.08865522679286894
0.015623678977916177
0.0007189964649990558
0.0011095583763412447
0.03997666183575651
-0.015964921788019035
0.06587315425434394
0.01572016538044087
-0.0029804938770944195
0.0015380792775776372
0.025671769016660937
-0.0008829584420211472
0.044091366730931676
0.008139362283816556
-0.013613159654716874
0.0019071809589220681
0.013014481359611852
-0.0007044635918964789
0.008670031987596524
0.027722193940740818
-0.05766995456665207
0.0019441860151446996
0.0052332027775218205
-0.0019744241466741184
-0.007671567513739872
-0.05406237231989108
0.00026985314438120113
0.03871378864311524
0.916005621915318
-0.12307490302152442
-0.03200925665062078
-0.0001783238419232884
-8.177817305315436e-05
-0.00032281129916292826
1.0
-0.00785958704863981
-0.5541100602657266
-0.04384442976001957
-0.0026476428458855517
-5.114585831652276e-05
0.7258978963892784
0.08246605656069247
-0.5029322368115511
-0.05295666778752076
-0.0024318525005081466
-0.0008333268117156209
0.5132259944375123
0.17884665037814598
-0.4600447872229226
-0.05483650753053974
-0.00023189850883426768
-0.0018525457070618916
0.3757744492600928
0.3111406947014316
-0.4372953219498777
-0.08492523594222903
0.002644894586807492
-0.004940007048822765
0.2948214719910476
0.6182118120361302
-0.4335124224186784
-0.24367006925515264
0.01057909767308455
-0.013783586946778422
0.1586020852973857
0.21916754338223585
-0.2271849994492188
-0.13880334324501625
0.10209683056347355
-0.018920234899596832
0.0879005324655422
0.0714540086473037
-0.3041013848086079
-0.10350485555435487
0.4532164440282961
-0.005273412941546768
0.03968997159315337
0.0443767804171403
-0.014294014212343293
0.3961832670655574
0.018358102918646174
-0.247200019853361
1.0
-0.07899103657825782
-0.18569970691320334
-0.012640500853591752
-0.0006593807236757211
-0.00016652910817959287
0.8940725443993685
-0.12538334574131285
0.019072215414552254
0.0008640134968985228
-0.00014939512653183685
0.00036955141080207543
0.6210548319772937
-0.10857241092897033
0.06419392311304539
0.009217739373438952
0.0006415528735784226
0.0004918289280685153
0.40636824925717585
-0.10656710720643
0.07987107958124358
0.020306114709809465
0.0008777250641934791
0.000736322752037135
0.25580716905335193
-0.13461867568968602
0.1011074793470287
0.03719358086249037
0.0009585243027356873
0.0019728788937262553
0.13773931751413002
-0.32333094221082187
0.1616036231286016
0.10364673008835656
0.0005990708188291659
0.003529292120850289
0.09599669030218967
-0.13297359846883128
0.06250199413879423
0.09206348827092387
-0.02524161280522032
0.004173254941243912
0.056409116896857965
-0.05021549506744049
0.10080310292782628
0.04776116594318946
-0.12393149131404299
0.0004393969901533495
0.024240573781718656
-0.022553279422558657
0.013434840541649253
-0.07589143705744636
-0.00978291270422553
0.05759772256025766
0.4450310136356787
0.05834013858298689
-0.07453865228746406
-0.00992373156799876
-0.000613054384210072
0.00012533041844471095
0.09567012467657289
-0.1500517763060128
1.0
0.07537132729442864
0.004322319389158076
7.16435175808301e-05
0.07146577920550176
-0.015968518891775346
0.4294462836829817
0.04253508148942488
0.003556872053200761
-4.439653906921474e-05
0.05694016360599607
0.05739373432420784
0.20503423042820149
0.01331226236106933
0.002833582115406623
-0.0005004640195423116
0.057005992581675165
0.1478825620306919
0.07611054312674052
-0.02058879616183781
0.0009783400862179439
-0.0007379542905617675
0.07699674042474758
0.43390542529954235
-0.05262625786504583
-0.13425958708154934
-0.005750785782395498
-0.0038052722006423146
0.03476108640882529
0.18745299525310996
0.021711353682775245
-0.08224072684512358
0.024103696605219053
-0.004936069241513946
0.013323490714634042
0.0691700365010614
-0.14480275309521679
0.013856021118662432
0.1258066849746754
0.0035912842446529794
0.005245189304978639
0.03070650185248973
-0.02917062390507534
0.06979159880346533
0.0346073224165458
-0.03969977265652516
0.06820837097828311
0.05869514444164361
-0.02072784032994038
-0.002545357089614726
-6.805672281268888e-05
-5.6667877033614066e-05
0.13320959634696122
0.11459680990054254
-0.048621917981014
-0.011656566471565153
8.484205033837772e-05
0.00033048782341586476
0.02607008196386462
-0.19113439704660082
1.0
0.06784165030114665
0.005144327402170254
0.0007313910774109693
0.01675919086267803
-0.11212966137846803
0.6666164961088555
0.04401856238923434
0.0033073295526922643
0.0002887887806218679
0.017353643445832345
-0.047718761264609014
0.4827363286952878
0.018234087559865483
0.00042409683865819427
0.0018267817338916404
0.041735225275397705
0.2444225490142649
0.29743530232113125
-0.06434852087778167
-0.013678294619316073
0.0016619669467686235
0.02140756710461529
0.12369553648265452
0.1994094553047115
0.12506702435723765
0.0030503949058423518
0.003703948040968839
0.0028999225656961224
0.05341437979404214
-0.007622804477994622
0.19592831006028083
0.009621989044045385
0.011381480516895215
-0.0009293677594492501
0.019717962992569546
-0.013414381349219191
-0.03247670767266422
0.12493696794274704
0.04689273380827739
0.025437438667594126
0.023537113376124137
-0.021087579634309205
-0.0010723663154499237
-9.987179635157026e-05
-3.234114865737003e-05
0.054404657023430905
0.06203001874290212
-0.07886463416868418
-0.005637406537628562
-0.0008611971074134127
7.600582618528135e-05
0.09539897627540118
0.18900769442493645
-0.3298459437204854
-0.027440544777899437
-0.0027853145129570146
0.000704442815153146
0.07209006455322148
0.04943218210630583
0.14951833714496562
0.00618305751797641
-0.002730860175301245
0.0018856758651784192
0.056329214744848026
0.003575470616604025
0.27227568612582503
0.02387201155210405
-0.007656180351246976
0.004015843042919532
0.06822742376850802
0.2948780760298197
0.210394721386529
0.020903141826091716
-0.024764252745888612
0.006117397466265023
0.030359227022693232
0.08198741722518806
-0.280448851932462
1.0
0.042272353788833705
0.017460939716781462
0.002746887549826508
0.0622163476120297
0.06123296110147843
0.6299299610629888
-0.06301986986434001
0.02078890988941733
-0.003979482712393544
0.021994694382187263
-0.006491901217291819
-0.030046571485580292
0.3603432078203724
0.11696325679535335
0.027473267763544754
0.06505768111749664
-0.014007514479062642
-0.0014201603569422858
-1.933082793356945e-05
-4.090714594609228e-05
0.061272335646390425
0.1309855925610071
-0.040507815392968355
-0.006910273644122848
0.0003070391700291664
0.00020992330262874608
0.09171843082237056
0.22643409259224237
-0.09868862484414415
-0.019772723661531058
0.0015950367956163514
0.0012461575595542488
0.029395114817226727
-0.23029314939902618
1.0
0.044816105185237876
0.00797275063116454
0.0015584397203168084
0.0127507176564771
-0.2570251202992213
0.8487493251264089
0.027428108988706207
0.009723935572947028
0.002802241786025483
0.02227378120067078
-0.05671084599067727
0.6746673157829283
-0.051514793237816846
0.0016681530273359643
0.003026951875907349
0.026010376985768618
0.05018340586595521
0.9002406421584749
-0.4442569134792483
-0.029944079815247226
-0.00119572709776605
0.009477108131112143
0.011649834500746695
0.1382764966360833
0.05431857542791657
0.04830942759422023
0.01007132718970601
0.0030069473168435894
0.0029809726907926324
0.03713686826778737
-0.010824925853866815
0.08737989918539421
0.01962579263419656
-0.013437825124398393
0.0458365327546186
0.006093194830821368
0.0004476447767383322
1.9295331813404096e-05
-7.993239364190272e-06
-0.010840983264294017
0.08133174901580358
0.02281500414735935
0.002702566983003206
0.00022313016648623432
3.867896604203969e-05
-0.006001915202633164
0.10724167761832423
0.07165902598362908
0.00899480596333458
0.0009135415171345054
0.00021120716274585264
-0.014715459856886446
0.02336922183113067
0.31063618100071316
0.03164039557961171
0.0026842398130079194
-0.000128063633084245
0.04941855159816293
1.0
-0.5977498955135625
-0.011495683551518544
-0.0008295272337829197
-0.00093969166468283
0.011055854165457174
0.39937771751226847
-0.2668177347398743
0.046072946137377904
0.012872391848060188
-0.0027502533864837914
-0.002068997495740647
0.18481512863331004
-0.2671829837115296
0.11230397659736537
0.02296171976094038
-0.0021792998162686143
-0.004487653811438566
0.09247686068037875
-0.08236126945800196
-0.007130637613560467
0.00807354860107483
-0.003171175102475876
-0.0030357550119696516
0.03699209578216551
-0.02398049077992326
0.0009528098241457216
-0.009522318037857042
-0.007157929933997846
0.007183123448387883
0.0931669527537038
-0.017984710266305732
-0.0007557638128870925
-7.077524250921502e-05
-5.38527677777312e-05
0.032164747551609266
0.19260398930505734
-0.06054407437913634
-0.0030573987952805808
-0.00012905599564975805
-0.00012857256581119166
0.06020853868550073
0.33582686139905615
-0.1467102378788906
-0.00839803405030074
0.0009393304064320856
-0.00015304033478436493
0.09991524910311356
0.7539432533266907
-0.5317500031848136
-0.032086694700012
0.0036844552083326438
0.0009986962930700748
0.1111667680434875
0.9246179211468807
-0.037709444683960425
-0.009431005620060572
0.010841208119272007
0.003182672105452546
0.07247655072483361
0.44578990991039347
0.5199383481655684
0.021754697601634385
0.0232092101039147
0.005549839198317648
0.055164595218859386
0.2926302711928058
1.0
-0.05598387510635156
0.018829878052998184
0.008192432594233948
0.014745987807688304
0.14881706741052655
0.27799214117895105
0.6094541494514375
0.09478996363594491
0.029312133707900093
-0.00043548012777964426
0.05719843375313695
0.07562877243770391
0.08395040067933576
0.6231611263523515
0.09117393874124687
0.009024934090488136
-0.13648815104578785
0.0020738326593948055
0.00015427013229881128
8.088238584857132e-05
5.4195550635648276e-05
-0.0009911381315428028
-0.26521250296365273
0.005629774952551158
-6.187324373712693e-05
0.00044543317299599314
9.524567255624754e-05
-0.014804756815035265
-0.4212917114437997
-0.002512456130050555
-0.002101754046996078
0.00033134350750639867
2.4866864092668307e-05
-0.023403751393222778
-0.6884910027648814
-0.02613719481708014
-0.00847898633364029
-0.0004712271894471731
-2.7740707892585708e-05
-0.018012305526792848
-0.691665182366268
-0.5697792224067767
-0.049134760219329054
-0.0006530593494340747
-6.322625369569684e-05
0.003825730876121413
-0.3839980270329396
-0.6439039665876489
-0.09877454330225277
0.00459938584259905
0.003690306679286402
0.01955446234144419
-0.21816841942485657
-0.4166838451745377
-0.2836382069167713
0.011636060064793273
0.013227873666267185
0.024239782795752368
-0.11066401217302416
-0.022426723534748998
0.2955817924787597
0.08726904183434149
0.032835132187029326
0.010547806586808655
-0.04131105498540233
-0.00029505095633501063
0.16401124430212943
1.0
0.09005898825854036
0.02376685132498068
0.1988381169832986
0.006310292706845815
-0.0009804572158636842
-0.000127989490421816
-9.064756246959027e-05
0.04254676352733187
0.3797728386992721
0.027227581455762127
-0.0046902524533842275
-0.0005708639813880302
-0.00019582580956191946
0.058213012176076745
0.6024855786695895
0.09026870037789908
-0.01073154595375663
-0.0003076846548768027
-0.00025418818145099136
0.060568430712409485
1.0
0.24928614278247302
-0.019328930755616265
0.0006626088620072627
-0.000915758074813593
0.04695277247732402
0.8104526138479898
0.8575079297685125
-0.023903476625531137
-0.001003924033246005
-0.0021071199820171882
0.022702740682470413
0.3808834471984997
0.11059667845025259
-0.10214974249754379
-0.0036586672993901286
-0.006779917814929905
0.008438380498898411
0.1773502127379013
-0.7157689517892336
-0.33351932249428384
0.008237151630920451
-0.004943260212692223
0.013053828721886516
0.0815921376272085
-0.22388124760189249
-0.3611027929795919
0.03416971428275508
0.004791428891798343
0.0071550987523026285
0.033481277216953445
-0.06209051100690723
0.004091299564750102
0.4852786901929476
0.0220312512614463
0.014707092804349975
0.0758950287225035
-0.0011427219751746125
5.4796280703503534e-05
-5.5517136051474446e-05
-3.681360965811904e-05
0.023040513686049667
0.15179695362643467
-0.0038343871011937863
0.0008378082269431693
-0.00037867527575575593
-7.900391416924421e-05
0.029091034053318806
0.2693630766495113
-0.003482457838936228
0.0031708944905301504
-0.0005418169895929399
-0.00010870096532942737
0.029157842760977347
1.0
0.01841681166783039
0.011289864301202664
0.0005666783515538814
-5.8845528826697544e-05
0.016079481121495893
0.3454693334038534
-0.3651442188941569
0.011487586802058478
0.0015864104337489054
-0.0001367267673696498
0.008533776639346225
0.19201634443942653
-0.0832809116073301
0.019937120460501338
0.006402235156474348
-0.0004399160760627663
0.003507682949906061
0.1042877424319322
-0.017212308862606572
0.030047008094289594
0.007768821232297809
-0.0005944167945072365
-0.00042425356752507455
0.05410031435501773
-0.010261418233477176
0.032233852250076106
0.004258803818907205
-0.000572119540906647
-0.0010698665118534173
0.021746554119057127
-0.0030676949427337155
0.0022856813402958778
-0.018221127717590442
-0.0017277025770375692
0.0356123522741059
0.00621710921103845
-7.765999692284246e-05
-0.0003255091308349823
-6.829322564791644e-05
-1.8679377962508183e-05
0.049799141352112046
0.013440337384882086
0.0022980235157196984
-0.0012505984472093686
-0.000535650420848685
-3.0019213193358822e-05
0.057774710223565326
0.02553304965375778
0.007031119816551838
-0.002823305133399264
-0.0015945784918794171
-7.727902393582656e-05
0.0609018067991145
0.04813787511364343
0.01840889006116276
-0.004679590819159619
-0.0038775483672650263
-0.00023415797740380844
0.060929704487237675
0.047928315343324764
0.057564577233283384
-0.006989979195789834
-0.00891616417451543
-0.0005362618407304762
0.05860140576610235
0.018104227590267453
-0.13651149608165525
-0.014860355669905055
-0.017913934296757365
-0.0015602412649236422
0.05596421307117471
0.007588970669990639
-0.3114298045809441
-0.028016640529772527
-0.035005357563665615
-0.0018837820609861743
0.03222184678780889
0.00999075963909994
-0.07362878525194323
1.0
-0.060304247912006274
-0.004812125593363914
0.009017999005090453
0.008018305544570342
-0.03243199790427035
0.12751535934563285
-0.4786804614383888
-0.017601269659898208
-0.0004767148614393186
0.07729985662989987
-0.002177440689379304
-0.00023580398285950427
-7.157060394194285e-06
-3.2927943068855855e-05
0.0007303481050484856
0.16190684658684967
-0.007643024404955461
-0.001260790992734692
0.00017118945261268057
-6.999777245277228e-05
0.0019828541912793665
0.3925486229915397
-0.00865431706098621
-0.0030319853803846063
0.0015124366163691736
9.12607816825971e-05
0.0013047846507968518
0.010655504532390024
-0.03372908750547333
-0.008662960099254177
0.003619507851562151
0.00035683875574818663
0.0037761900485611395
-0.05729071228675599
-0.01769575014447968
-0.02230583751402158
0.006760442801205942
0.0008833985047813427
0.006197243880991734
-0.0005166377978507961
1.0
-0.05718466737047417
0.0017755614590029784
0.0001072485412147109
0.005958790509975122
0.00263358682310303
0.04108268371603603
-0.1900786307010347
-0.009468057529184556
-0.0023862646264644818
0.005660601271105734
0.000749137940004266
0.01869963773837091
-0.06116273189007754
-0.008005879898504948
-0.0012380212886708207
0.0027445083525482338
4.524696376465051e-05
0.0064308338023816225
-0.008818508334086005
0.01268833162799608
-0.00014741329604985707
-0.0015539335936185128
0.09902394207542016
-0.0044918247632126694
-9.699835926711245e-05
-0.0001037437735871326
-5.143453691580717e-05
-0.0005898845132734992
0.22118807928095266
-0.016841415128965885
0.00014991859236689205
-0.0007242582706841948
-0.0002755928617764102
0.0004565959792266155
1.0
-0.020604824913275747
0.002730923258215317
5.250938221797122e-05
-0.0001351881868248594
-0.00441094800140423
0.45158456047799844
-0.07905617165794357
0.005908732428246439
0.001239269898364528
3.435003024313093e-05
-0.0037541067183487382
0.23209529636560627
-0.1249104233635562
0.008289861016263562
0.000452906293685424
-0.00012596987313434266
-0.004701282337924338
0.12308834304864151
-0.24206277840073986
0.016959772939729213
0.003200946873059262
-0.0002981327075518932
-0.004716670644420618
0.0663151727793888
-0.034629319461475606
0.04300816084729322
0.006428455303361565
0.00013754478270649288
-0.004353427324786243
0.03425377891555411
-0.015214566005383802
0.016036321586854377
0.00484134216201418
7.854160676231348e-05
-0.0024148637192624263
0.013796769785299303
-0.004596217099684085
0.0016114635678929371
-0.0023872214783111417
-0.0005081930342803732
-0.0007403480442679935
0.1603371070584491
-0.0010382182228600941
7.652873670087357e-05
-5.111884041422132e-05
-0.00018297840636748072
0.0012412900064818118
1.0
-0.010236106276006495
0.0006493718990057947
0.00012949252251122687
-1.1001324496969095e-05
0.0026198680356760468
0.41757728575819897
-0.018157305032277936
0.0016282509955713876
0.0011535346237613454
0.00029203173842264155
0.0003529011186876848
0.20320289507216538
-0.035701178305062045
0.00228026226152894
0.0012344654523627064
0.0002575711418471082
0.00022467452354471679
0.1057356666035004
-0.050204074578899575
0.00265412813138137
0.0008177651748377651
0.00014575665614075835
-0.0006133861230319857
0.057995327533974864
-0.057963600178027375
0.0045723727679711865
0.0016572818020323555
-3.242302160552847e-05
-0.0010590451465171857
0.03156063076300956
-0.013713644971744396
0.009377328323680784
0.0025070889547535113
3.5281863169125076e-06
-0.0012511284361510836
0.016320087330489317
-0.005989780341898666
0.004167568430830295
0.0017982217092172923
3.3831712371319284e-05
-0.0007732178614874655
0.006571834979231967
-0.0017554446171925019
0.00032246778752769415
-0.00036353631200114093
-0.0001787945086372833
0.00265064342303268
1.0
-0.0026387697452561077
2.054306754087667e-05
2.2702013758092054e-05
-5.381210039676133e-05
0.004789080947449274
0.32747162822742576
-0.009150129922641581
0.00012812409164257902
0.00014554379606413547
0.00023449865732071357
0.003976250875383119
0.14618470162429054
-0.008995470146852494
0.0003558717728767429
0.00041629124812412314
0.00016911982656067168
0.0023381535583301177
0.07213269569949127
-0.013981042703423294
0.0006374858660725846
0.0004328635218998355
0.00012256175183927097
0.00165964742316351
0.03768527231582378
-0.018391507624175914
0.0008058918231227757
0.00028230628362975647
7.087808838264431e-05
0.000874863774507598
0.020771025882602927
-0.01986273351753523
0.001482028107426425
0.000575143872907868
-3.958336044147315e-06
0.0003413383840132402
0.011337342240757027
-0.005017547286348339
0.003090659577179525
0.0008605630839342885
-1.7420616162960522e-07
-2.6878757946444335e-05
0.005884086479178723
-0.0021627647665061057
0.0018850242365354905
0.0005771617570003679
1.651933262833471e-05
-9.418527486696791e-05
0.002377953112258332
-0.0006339153413500051
0.00021267272181824158
-0.0002567782252312913
-5.702550910397285e-05
