  0.1873116E+04   -0.4620035E-04   -0.4620035E-04
  0.1857608E+04   -0.7085397E-04   -0.7085397E-04
  0.1847357E+04   -0.1191450E-03   -0.1191450E-03
  0.1842038E+04   -0.2338345E-03   -0.2338345E-03
  0.1839425E+04   -0.3134696E-03   -0.3134696E-03
  0.1838245E+04   -0.4848011E-03   -0.4848011E-03
  0.1837732E+04   -0.6909281E-03   -0.6909281E-03
  0.1837538E+04   -0.7006100E-03   -0.7006100E-03
  0.1837196E+04   -0.3468489E-03   -0.3468489E-03
  0.1836898E+04   -0.4088777E-03   -0.4088777E-03
  0.1836240E+04   -0.3579901E-03   -0.3579901E-03
  0.1835887E+04   -0.5770803E-03   -0.5770803E-03
  0.1834889E+04   -0.4129174E-03   -0.4129174E-03
  0.1834583E+04   -0.4331994E-03   -0.4331994E-03
  0.1833171E+04   -0.2386986E-03   -0.2386986E-03
  0.1833017E+04   -0.3149187E-03   -0.3149187E-03
  0.1831094E+04   -0.1807460E-03   -0.1807460E-03
  0.1829171E+04   -0.2625429E-03   -0.2625429E-03
  0.1828661E+04   -0.1589038E-03   -0.1589038E-03
  0.1831207E+04   -0.2732512E-03   -0.2732512E-03
  0.1826920E+04   -0.2691250E-03   -0.2691250E-03
  0.1825872E+04   -0.1538231E-03   -0.1538231E-03
  0.1824465E+04   -0.2880553E-03   -0.2880553E-03
  0.1822727E+04   -0.1593814E-03   -0.1593814E-03
  0.1821816E+04   -0.3178594E-03   -0.3178594E-03
  0.1818982E+04   -0.3586052E-03   -0.3586052E-03
  0.1819226E+04   -0.1741045E-03   -0.1741045E-03
  0.1815970E+04   -0.4112431E-03   -0.4112431E-03
  0.1815366E+04   -0.1760450E-03   -0.1760450E-03
  0.1812788E+04   -0.4775269E-03   -0.4775269E-03
  0.1811146E+04   -0.1555646E-03   -0.1555646E-03
  0.1809442E+04   -0.5050516E-03   -0.5050516E-03
  0.1806568E+04   -0.1373790E-03   -0.1373790E-03
  0.1805938E+04   -0.4905268E-03   -0.4905268E-03
  0.1802281E+04   -0.4729421E-03   -0.4729421E-03
  0.1801629E+04   -0.1245676E-03   -0.1245676E-03
  0.1798479E+04   -0.4458439E-03   -0.4458439E-03
  0.1796333E+04   -0.1068933E-03   -0.1068933E-03
  0.1794535E+04   -0.4259979E-03   -0.4259979E-03
  0.1790680E+04   -0.9472609E-04   -0.9472609E-04
  0.1790454E+04   -0.4116732E-03   -0.4116732E-03
  0.1786241E+04   -0.4013943E-03   -0.4013943E-03
  0.1784672E+04   -0.8379797E-04   -0.8379797E-04
  0.1781900E+04   -0.3941831E-03   -0.3941831E-03
  0.1778312E+04   -0.6795806E-04   -0.6795806E-04
  0.1777434E+04   -0.3894818E-03   -0.3894818E-03
  0.1772847E+04   -0.3682008E-03   -0.3682008E-03
  0.1771605E+04   -0.5675037E-04   -0.5675037E-04
  0.1768143E+04   -0.3482396E-03   -0.3482396E-03
  0.1764558E+04   -0.4876838E-04   -0.4876838E-04
  0.1763323E+04   -0.3317743E-03   -0.3317743E-03
  0.1758391E+04   -0.3180958E-03   -0.3180958E-03
  0.1757176E+04   -0.4319395E-04   -0.4319395E-04
  0.1753349E+04   -0.3065805E-03   -0.3065805E-03
  0.1749457E+04   -0.3965390E-04   -0.3965390E-04
  0.1748199E+04   -0.2967745E-03   -0.2967745E-03
  0.1742942E+04   -0.2883997E-03   -0.2883997E-03
  0.1741400E+04   -0.3827384E-04   -0.3827384E-04
  0.1737582E+04   -0.2811790E-03   -0.2811790E-03
  0.1733001E+04   -0.4033998E-04   -0.4033998E-04
  0.1732118E+04   -0.2748581E-03   -0.2748581E-03
  0.1726551E+04   -0.2692963E-03   -0.2692963E-03
  0.1723441E+04   -0.5032459E-04   -0.5032459E-04
  0.1720883E+04   -0.2643898E-03   -0.2643898E-03
  0.1715114E+04   -0.2599956E-03   -0.2599956E-03
  0.1709243E+04   -0.2560316E-03   -0.2560316E-03
  0.1703271E+04   -0.2524654E-03   -0.2524654E-03
  0.1697197E+04   -0.2492060E-03   -0.2492060E-03
  0.1691020E+04   -0.2461857E-03   -0.2461857E-03
  0.1684738E+04   -0.2433997E-03   -0.2433997E-03
  0.1678352E+04   -0.2407940E-03   -0.2407940E-03
  0.1671858E+04   -0.2383357E-03   -0.2383357E-03
  0.1665254E+04   -0.2360096E-03   -0.2360096E-03
  0.1658538E+04   -0.2337911E-03   -0.2337911E-03
  0.1651706E+04   -0.2316579E-03   -0.2316579E-03
  0.1644754E+04   -0.2295912E-03   -0.2295912E-03
  0.1637679E+04   -0.2275983E-03   -0.2275983E-03
  0.1630476E+04   -0.2256837E-03   -0.2256837E-03
  0.1623139E+04   -0.2238353E-03   -0.2238353E-03
  0.1615663E+04   -0.2220720E-03   -0.2220720E-03
  0.1608040E+04   -0.2203993E-03   -0.2203993E-03
  0.1600263E+04   -0.2188293E-03   -0.2188293E-03
  0.1592323E+04   -0.2173867E-03   -0.2173867E-03
  0.1584210E+04   -0.2161088E-03   -0.2161088E-03
  0.1575913E+04   -0.2150455E-03   -0.2150455E-03
  0.1567418E+04   -0.2142594E-03   -0.2142594E-03
  0.1558712E+04   -0.2138574E-03   -0.2138574E-03
  0.1555355E+04   -0.6521326E-04   -0.6521326E-04
  0.1549776E+04   -0.2139573E-03   -0.2139573E-03
  0.1540590E+04   -0.2147375E-03   -0.2147375E-03
  0.1540467E+04   -0.1084217E-03   -0.1084217E-03
  0.1531497E+04   -0.1945209E-03   -0.1945209E-03
  0.1531131E+04   -0.2122417E-03   -0.2122417E-03
  0.1527063E+04   -0.3279884E-03   -0.3279884E-03
  0.1525051E+04   -0.4467633E-03   -0.4467633E-03
  0.1524203E+04   -0.7431321E-03   -0.7431321E-03
  0.1523754E+04   -0.1183083E-02   -0.1183083E-02
  0.1523856E+04   -0.1213244E-02   -0.1213244E-02
  0.1523449E+04   -0.4978943E-03   -0.4978943E-03
  0.1523323E+04   -0.5976686E-03   -0.5976686E-03
  0.1522742E+04   -0.5323249E-03   -0.5323249E-03
  0.1522628E+04   -0.8162312E-03   -0.8162312E-03
  0.1521369E+04   -0.2022028E-03   -0.2022028E-03
  0.1521750E+04   -0.5938331E-03   -0.5938331E-03
  0.1521726E+04   -0.6997227E-03   -0.6997227E-03
  0.1520640E+04   -0.4866979E-03   -0.4866979E-03
  0.1520489E+04   -0.3600944E-03   -0.3600944E-03
  0.1519384E+04   -0.4077611E-03   -0.4077611E-03
  0.1518960E+04   -0.2600504E-03   -0.2600504E-03
  0.1517970E+04   -0.3802408E-03   -0.3802408E-03
  0.1517161E+04   -0.2184207E-03   -0.2184207E-03
  0.1516406E+04   -0.3795178E-03   -0.3795178E-03
  0.1515092E+04   -0.2017973E-03   -0.2017973E-03
  0.1514702E+04   -0.3963708E-03   -0.3963708E-03
  0.1512863E+04   -0.4274087E-03   -0.4274087E-03
  0.1512747E+04   -0.1992108E-03   -0.1992108E-03
  0.1511268E+04   -0.1926123E-03   -0.1926123E-03
  0.1510897E+04   -0.4717304E-03   -0.4717304E-03
  0.1510122E+04   -0.2067520E-03   -0.2067520E-03
  0.1508809E+04   -0.5298027E-03   -0.5298027E-03
  0.1507214E+04   -0.2233161E-03   -0.2233161E-03
  0.1506604E+04   -0.6028587E-03   -0.6028587E-03
  0.1504288E+04   -0.6928848E-03   -0.6928848E-03
  0.1504018E+04   -0.2494825E-03   -0.2494825E-03
  0.1501865E+04   -0.7389563E-03   -0.7389563E-03
  0.1500786E+04   -0.1837091E-03   -0.1837091E-03
  0.1500530E+04   -0.2690234E-03   -0.2690234E-03
  0.1499339E+04   -0.7135349E-03   -0.7135349E-03
  0.1496714E+04   -0.6979133E-03   -0.6979133E-03
  0.1496748E+04   -0.2433119E-03   -0.2433119E-03
  0.1493994E+04   -0.6543231E-03   -0.6543231E-03
  0.1492661E+04   -0.2139438E-03   -0.2139438E-03
  0.1491183E+04   -0.6215658E-03   -0.6215658E-03
  0.1489865E+04   -0.1758883E-03   -0.1758883E-03
  0.1488282E+04   -0.5972483E-03   -0.5972483E-03
  0.1488269E+04   -0.1917226E-03   -0.1917226E-03
  0.1485297E+04   -0.5790687E-03   -0.5790687E-03
  0.1483574E+04   -0.1699438E-03   -0.1699438E-03
  0.1482228E+04   -0.5655669E-03   -0.5655669E-03
  0.1479079E+04   -0.5560684E-03   -0.5560684E-03
  0.1478430E+04   -0.1698828E-03   -0.1698828E-03
  0.1478565E+04   -0.1485913E-03   -0.1485913E-03
  0.1475853E+04   -0.5404710E-03   -0.5404710E-03
  0.1473244E+04   -0.1325580E-03   -0.1325580E-03
  0.1472551E+04   -0.5082897E-03   -0.5082897E-03
  0.1469175E+04   -0.4817048E-03   -0.4817048E-03
  0.1467612E+04   -0.1117232E-03   -0.1117232E-03
  0.1466379E+04   -0.1672447E-03   -0.1672447E-03
  0.1465728E+04   -0.4595448E-03   -0.4595448E-03
  0.1462210E+04   -0.4408491E-03   -0.4408491E-03
  0.1461667E+04   -0.9314627E-04   -0.9314627E-04
  0.1458624E+04   -0.4249586E-03   -0.4249586E-03
  0.1453570E+04   -0.1718459E-03   -0.1718459E-03
  0.1455412E+04   -0.7923376E-04   -0.7923376E-04
  0.1454971E+04   -0.4114581E-03   -0.4114581E-03
  0.1451252E+04   -0.3999174E-03   -0.3999174E-03
  0.1448848E+04   -0.6858851E-04   -0.6858851E-04
  0.1447468E+04   -0.3899695E-03   -0.3899695E-03
  0.1443619E+04   -0.3813782E-03   -0.3813782E-03
  0.1439788E+04   -0.1969748E-03   -0.1969748E-03
  0.1441977E+04   -0.6032759E-04   -0.6032759E-04
  0.1439708E+04   -0.3741067E-03   -0.3741067E-03
  0.1435734E+04   -0.3678324E-03   -0.3678324E-03
  0.1434807E+04   -0.5398211E-04   -0.5398211E-04
  0.1431698E+04   -0.3624364E-03   -0.3624364E-03
  0.1427600E+04   -0.3579625E-03   -0.3579625E-03
  0.1427343E+04   -0.4923122E-04   -0.4923122E-04
  0.1423274E+04   -0.3420703E-03   -0.3420703E-03
  0.1423441E+04   -0.3542449E-03   -0.3542449E-03
  0.1419221E+04   -0.3513043E-03   -0.3513043E-03
  0.1419590E+04   -0.4592952E-04   -0.4592952E-04
  0.1414940E+04   -0.3492004E-03   -0.3492004E-03
  0.1411548E+04   -0.4413860E-04   -0.4413860E-04
  0.1410599E+04   -0.3478105E-03   -0.3478105E-03
  0.1406197E+04   -0.3472058E-03   -0.3472058E-03
  0.1403221E+04   -0.4430131E-04   -0.4430131E-04
  0.1401736E+04   -0.3475128E-03   -0.3475128E-03
  0.1397214E+04   -0.3402558E-03   -0.3402558E-03
  0.1394615E+04   -0.4812439E-04   -0.4812439E-04
  0.1392634E+04   -0.3237068E-03   -0.3237068E-03
  0.1387995E+04   -0.3080848E-03   -0.3080848E-03
  0.1384958E+04   -0.6140451E-04   -0.6140451E-04
  0.1383299E+04   -0.2933694E-03   -0.2933694E-03
  0.1378547E+04   -0.2796095E-03   -0.2796095E-03
  0.1373741E+04   -0.2667792E-03   -0.2667792E-03
  0.1368886E+04   -0.2549716E-03   -0.2549716E-03
  0.1363985E+04   -0.2442759E-03   -0.2442759E-03
  0.1359046E+04   -0.2347894E-03   -0.2347894E-03
  0.1354076E+04   -0.2267361E-03   -0.2267361E-03
  0.1349090E+04   -0.2204228E-03   -0.2204228E-03
  0.1344104E+04   -0.2163726E-03   -0.2163726E-03
  0.1339143E+04   -0.2154905E-03   -0.2154905E-03
  0.1334244E+04   -0.2193632E-03   -0.2193632E-03
  0.1329460E+04   -0.2312091E-03   -0.2312091E-03
  0.1326140E+04   -0.9977520E-04   -0.9977520E-04
  0.1324872E+04   -0.2583503E-03   -0.2583503E-03
  0.1320609E+04   -0.2842047E-03   -0.2842047E-03
  0.1316885E+04   -0.2604713E-03   -0.2604713E-03
  0.1313945E+04   -0.3601659E-03   -0.3601659E-03
  0.1313741E+04   -0.1893746E-03   -0.1893746E-03
  0.1306725E+04   -0.3119043E-03   -0.3119043E-03
  0.1303303E+04   -0.4888233E-03   -0.4888233E-03
  0.1301771E+04   -0.7482619E-03   -0.7482619E-03
  0.1301129E+04   -0.1065478E-02   -0.1065478E-02
  0.1300878E+04   -0.1450418E-02   -0.1450418E-02
  0.1300674E+04   -0.9992009E-03   -0.9992009E-03
  0.1300763E+04   -0.1461070E-02   -0.1461070E-02
  0.1300423E+04   -0.6858699E-03   -0.6858699E-03
  0.1300299E+04   -0.9728928E-03   -0.9728928E-03
  0.1299875E+04   -0.7556959E-03   -0.7556959E-03
  0.1299779E+04   -0.1437995E-02   -0.1437995E-02
  0.1299133E+04   -0.1021112E-02   -0.1021112E-02
  0.1299138E+04   -0.8443161E-03   -0.8443161E-03
  0.1298375E+04   -0.7525552E-03   -0.7525552E-03
  0.1298216E+04   -0.5921683E-03   -0.5921683E-03
  0.1297513E+04   -0.6471856E-03   -0.6471856E-03
  0.1297107E+04   -0.4033986E-03   -0.4033986E-03
  0.1296555E+04   -0.6103437E-03   -0.6103437E-03
  0.1295809E+04   -0.3204612E-03   -0.3204612E-03
  0.1295507E+04   -0.6095082E-03   -0.6095082E-03
  0.1294374E+04   -0.6198648E-03   -0.6198648E-03
  0.1294320E+04   -0.2804360E-03   -0.2804360E-03
  0.1293162E+04   -0.6496006E-03   -0.6496006E-03
  0.1292632E+04   -0.2619598E-03   -0.2619598E-03
  0.1291874E+04   -0.6956946E-03   -0.6956946E-03
  0.1290742E+04   -0.2568145E-03   -0.2568145E-03
  0.1290515E+04   -0.7571484E-03   -0.7571484E-03
  0.1288646E+04   -0.2611619E-03   -0.2611619E-03
  0.1289089E+04   -0.8348060E-03   -0.8348060E-03
  0.1287599E+04   -0.9294831E-03   -0.9294831E-03
  0.1286337E+04   -0.2733003E-03   -0.2733003E-03
  0.1286049E+04   -0.1042570E-02   -0.1042570E-02
  0.1284443E+04   -0.1011899E-02   -0.1011899E-02
  0.1283807E+04   -0.2933549E-03   -0.2933549E-03
  0.1282783E+04   -0.9677542E-03   -0.9677542E-03
  0.1281053E+04   -0.3216117E-03   -0.3216117E-03
  0.1281072E+04   -0.9359791E-03   -0.9359791E-03
  0.1279313E+04   -0.8748996E-03   -0.8748996E-03
  0.1278072E+04   -0.3592207E-03   -0.3592207E-03
  0.1277509E+04   -0.8214114E-03   -0.8214114E-03
  0.1275663E+04   -0.7789801E-03   -0.7789801E-03
  0.1274854E+04   -0.4054392E-03   -0.4054392E-03
  0.1273778E+04   -0.7455114E-03   -0.7455114E-03
  0.1271855E+04   -0.7190454E-03   -0.7190454E-03
  0.1271396E+04   -0.3614496E-03   -0.3614496E-03
  0.1269899E+04   -0.6984724E-03   -0.6984724E-03
  0.1267910E+04   -0.6822797E-03   -0.6822797E-03
  0.1267690E+04   -0.3239149E-03   -0.3239149E-03
  0.1265893E+04   -0.6404201E-03   -0.6404201E-03
  0.1263849E+04   -0.5983603E-03   -0.5983603E-03
  0.1263730E+04   -0.2919107E-03   -0.2919107E-03
  0.1261782E+04   -0.5627935E-03   -0.5627935E-03
  0.1259693E+04   -0.5328156E-03   -0.5328156E-03
  0.1259516E+04   -0.2562158E-03   -0.2562158E-03
  0.1257586E+04   -0.5070730E-03   -0.5070730E-03
  0.1255465E+04   -0.4850697E-03   -0.4850697E-03
  0.1255041E+04   -0.2282416E-03   -0.2282416E-03
  0.1253332E+04   -0.4664217E-03   -0.4664217E-03
  0.1251191E+04   -0.4505186E-03   -0.4505186E-03
  0.1249046E+04   -0.4371723E-03   -0.4371723E-03
  0.1250298E+04   -0.2027017E-03   -0.2027017E-03
  0.1246902E+04   -0.4262594E-03   -0.4262594E-03
  0.1244764E+04   -0.4177125E-03   -0.4177125E-03
  0.1245284E+04   -0.1710705E-03   -0.1710705E-03
  0.1242637E+04   -0.4113819E-03   -0.4113819E-03
  0.1240527E+04   -0.4073944E-03   -0.4073944E-03
  0.1240002E+04   -0.1465976E-03   -0.1465976E-03
  0.1238441E+04   -0.4060782E-03   -0.4060782E-03
  0.1236388E+04   -0.4076462E-03   -0.4076462E-03
  0.1234376E+04   -0.4125552E-03   -0.4125552E-03
  0.1234443E+04   -0.1271042E-03   -0.1271042E-03
  0.1232417E+04   -0.3899291E-03   -0.3899291E-03
  0.1195296E+04   -0.6662557E-04   -0.6662557E-04
  0.1202502E+04   -0.7237118E-04   -0.7237118E-04
  0.1209440E+04   -0.7944228E-04   -0.7944228E-04
  0.1230521E+04   -0.3544634E-03   -0.3544634E-03
  0.1228704E+04   -0.3242692E-03   -0.3242692E-03
  0.1228605E+04   -0.1113671E-03   -0.1113671E-03
  0.1226979E+04   -0.2990649E-03   -0.2990649E-03
  0.1216102E+04   -0.8805511E-04   -0.8805511E-04
  0.1225364E+04   -0.2786586E-03   -0.2786586E-03
  0.1223880E+04   -0.2631274E-03   -0.2631274E-03
  0.1218911E+04   -0.2405699E-03   -0.2405699E-03
  0.1218984E+04   -0.3204672E-03   -0.3204672E-03
  0.1219169E+04   -0.2964929E-03   -0.2964929E-03
  0.1219677E+04   -0.2792089E-03   -0.2792089E-03
  0.1220423E+04   -0.2560537E-03   -0.2560537E-03
  0.1221387E+04   -0.2497141E-03   -0.2497141E-03
  0.1222547E+04   -0.2530736E-03   -0.2530736E-03
  0.1222493E+04   -0.9858471E-04   -0.9858471E-04
  0.1187829E+04   -0.6210585E-04   -0.6210585E-04
  0.1180099E+04   -0.5875735E-04   -0.5875735E-04
  0.1172116E+04   -0.5664525E-04   -0.5664525E-04
  0.1163886E+04   -0.5604234E-04   -0.5604234E-04
  0.1155412E+04   -0.5767930E-04   -0.5767930E-04
  0.1150389E+04   -0.1388278E-03   -0.1388278E-03
  0.1146707E+04   -0.6380417E-04   -0.6380417E-04
  0.1142669E+04   -0.2883417E-03   -0.2883417E-03
  0.1138579E+04   -0.4700784E-03   -0.4700784E-03
  0.1082833E+04   -0.2751689E-03   -0.2751689E-03
  0.1086914E+04   -0.3014796E-03   -0.3014796E-03
  0.1090784E+04   -0.3338331E-03   -0.3338331E-03
  0.1078528E+04   -0.2405818E-03   -0.2405818E-03
  0.1094444E+04   -0.3699279E-03   -0.3699279E-03
  0.1097903E+04   -0.4023618E-03   -0.4023618E-03
  0.1074001E+04   -0.2096094E-03   -0.2096094E-03
  0.1101167E+04   -0.4411060E-03   -0.4411060E-03
  0.1069247E+04   -0.1844861E-03   -0.1844861E-03
  0.1104237E+04   -0.4822032E-03   -0.4822032E-03
  0.1064254E+04   -0.1631717E-03   -0.1631717E-03
  0.1107122E+04   -0.5243190E-03   -0.5243190E-03
  0.1059034E+04   -0.1457336E-03   -0.1457336E-03
  0.1109829E+04   -0.5644995E-03   -0.5644995E-03
  0.1053572E+04   -0.1310805E-03   -0.1310805E-03
  0.1112362E+04   -0.5021612E-03   -0.5021612E-03
  0.1137039E+04   -0.8244802E-04   -0.8244802E-04
  0.1136444E+04   -0.7202320E-03   -0.7202320E-03
  0.1114724E+04   -0.4529013E-03   -0.4529013E-03
  0.1116925E+04   -0.4142769E-03   -0.4142769E-03
  0.1118971E+04   -0.3832472E-03   -0.3832472E-03
  0.1135347E+04   -0.9992568E-03   -0.9992568E-03
  0.1120863E+04   -0.3603935E-03   -0.3603935E-03
  0.1134799E+04   -0.1432642E-02   -0.1432642E-02
  0.1134534E+04   -0.1696129E-02   -0.1696129E-02
  0.1134412E+04   -0.2070873E-02   -0.2070873E-02
  0.1134357E+04   -0.1999805E-02   -0.1999805E-02
  0.1134308E+04   -0.2542470E-02   -0.2542470E-02
  0.1134200E+04   -0.1570622E-02   -0.1570622E-02
  0.1134137E+04   -0.1422053E-02   -0.1422053E-02
  0.1133937E+04   -0.9059237E-03   -0.9059237E-03
  0.1133908E+04   -0.1311852E-02   -0.1311852E-02
  0.1133632E+04   -0.1520037E-02   -0.1520037E-02
  0.1133577E+04   -0.8439823E-03   -0.8439823E-03
  0.1133316E+04   -0.1961880E-02   -0.1961880E-02
  0.1133123E+04   -0.1008264E-02   -0.1008264E-02
  0.1132965E+04   -0.1899166E-02   -0.1899166E-02
  0.1132586E+04   -0.1481093E-02   -0.1481093E-02
  0.1132570E+04   -0.1128145E-02   -0.1128145E-02
  0.1132181E+04   -0.1178401E-02   -0.1178401E-02
  0.1131756E+04   -0.1011616E-02   -0.1011616E-02
  0.1131918E+04   -0.9597883E-03   -0.9597883E-03
  0.1131314E+04   -0.9140891E-03   -0.9140891E-03
  0.1131163E+04   -0.6416540E-03   -0.6416540E-03
  0.1130858E+04   -0.8553427E-03   -0.8553427E-03
  0.1130393E+04   -0.8207982E-03   -0.8207982E-03
  0.1130299E+04   -0.4923037E-03   -0.4923037E-03
  0.1129920E+04   -0.8017905E-03   -0.8017905E-03
  0.1129445E+04   -0.7946449E-03   -0.7946449E-03
  0.1129324E+04   -0.4134013E-03   -0.4134013E-03
  0.1128970E+04   -0.7949170E-03   -0.7949170E-03
  0.1122609E+04   -0.3447366E-03   -0.3447366E-03
  0.1128499E+04   -0.8008228E-03   -0.8008228E-03
  0.1128232E+04   -0.3694544E-03   -0.3694544E-03
  0.1128035E+04   -0.8111446E-03   -0.8111446E-03
  0.1127581E+04   -0.8233650E-03   -0.8233650E-03
  0.1127142E+04   -0.8368078E-03   -0.8368078E-03
  0.1127019E+04   -0.3462998E-03   -0.3462998E-03
  0.1126720E+04   -0.8493245E-03   -0.8493245E-03
  0.1126319E+04   -0.8616472E-03   -0.8616472E-03
  0.1125942E+04   -0.8744988E-03   -0.8744988E-03
  0.1125681E+04   -0.3367705E-03   -0.3367705E-03
  0.1125592E+04   -0.8875287E-03   -0.8875287E-03
  0.1125199E+04   -0.2650318E-03   -0.2650318E-03
  0.1125274E+04   -0.9072861E-03   -0.9072861E-03
  0.1124963E+04   -0.1975557E-03   -0.1975557E-03
  0.1124991E+04   -0.9405451E-03   -0.9405451E-03
  0.1123931E+04   -0.1201930E-02   -0.1201930E-02
  0.1123981E+04   -0.1168835E-02   -0.1168835E-02
  0.1124820E+04   -0.2251773E-03   -0.2251773E-03
  0.1124747E+04   -0.1023590E-02   -0.1023590E-02
  0.1124684E+04   -0.2681568E-03   -0.2681568E-03
  0.1124038E+04   -0.1034640E-02   -0.1034640E-02
  0.1124102E+04   -0.1452735E-02   -0.1452735E-02
  0.1124560E+04   -0.4263080E-03   -0.4263080E-03
  0.1124545E+04   -0.6434814E-03   -0.6434814E-03
  0.1124446E+04   -0.4443161E-03   -0.4443161E-03
  0.1124170E+04   -0.7541201E-03   -0.7541201E-03
  0.1124314E+04   -0.6273802E-03   -0.6273802E-03
  0.1124241E+04   -0.8745690E-03   -0.8745690E-03
  0.1124214E+04   -0.3365459E-03   -0.3365459E-03
  0.1124388E+04   -0.8038701E-03   -0.8038701E-03
  0.1047865E+04   -0.1184289E-03   -0.1184289E-03
  0.1041913E+04   -0.1075520E-03   -0.1075520E-03
  0.1035705E+04   -0.9799648E-04   -0.9799648E-04
  0.1031455E+04   -0.2229166E-03   -0.2229166E-03
  0.1031253E+04   -0.1604077E-03   -0.1604077E-03
  0.1031118E+04   -0.1761242E-03   -0.1761242E-03
  0.1030963E+04   -0.2179537E-03   -0.2179537E-03
  0.1030775E+04   -0.2294980E-03   -0.2294980E-03
  0.1030552E+04   -0.2143077E-03   -0.2143077E-03
  0.1030291E+04   -0.2074627E-03   -0.2074627E-03
  0.1029994E+04   -0.2074005E-03   -0.2074005E-03
  0.1029661E+04   -0.2122817E-03   -0.2122817E-03
  0.1029295E+04   -0.2202201E-03   -0.2202201E-03
  0.1029260E+04   -0.8992079E-04   -0.8992079E-04
  0.1028898E+04   -0.2315233E-03   -0.2315233E-03
  0.1028473E+04   -0.2451842E-03   -0.2451842E-03
  0.1028026E+04   -0.2625800E-03   -0.2625800E-03
  0.1027557E+04   -0.2840010E-03   -0.2840010E-03
  0.1027073E+04   -0.3105462E-03   -0.3105462E-03
  0.1026573E+04   -0.3443328E-03   -0.3443328E-03
  0.1026062E+04   -0.3584681E-03   -0.3584681E-03
  0.1025541E+04   -0.3588019E-03   -0.3588019E-03
  0.1025013E+04   -0.3656124E-03   -0.3656124E-03
  0.1024480E+04   -0.3812235E-03   -0.3812235E-03
  0.1023944E+04   -0.4097981E-03   -0.4097981E-03
  0.1023404E+04   -0.4549970E-03   -0.4549970E-03
  0.1022863E+04   -0.5266189E-03   -0.5266189E-03
  0.1022572E+04   -0.8308804E-04   -0.8308804E-04
  0.1022320E+04   -0.6398141E-03   -0.6398141E-03
  0.1021775E+04   -0.7387509E-03   -0.7387509E-03
  0.1021227E+04   -0.8467076E-03   -0.8467076E-03
  0.1020676E+04   -0.9443481E-03   -0.9443481E-03
  0.1020119E+04   -0.1059674E-02   -0.1059674E-02
  0.1019556E+04   -0.1144335E-02   -0.1144335E-02
  0.1018985E+04   -0.9590677E-03   -0.9590677E-03
  0.1018405E+04   -0.8414560E-03   -0.8414560E-03
  0.1017814E+04   -0.7672358E-03   -0.7672358E-03
  0.1017211E+04   -0.7185302E-03   -0.7185302E-03
  0.1016594E+04   -0.6886683E-03   -0.6886683E-03
  0.1015962E+04   -0.6719485E-03   -0.6719485E-03
  0.1015313E+04   -0.6664476E-03   -0.6664476E-03
  0.1015637E+04   -0.7759231E-04   -0.7759231E-04
  0.1014646E+04   -0.6643326E-03   -0.6643326E-03
  0.1013958E+04   -0.6686426E-03   -0.6686426E-03
  0.1013248E+04   -0.6777440E-03   -0.6777440E-03
  0.1012512E+04   -0.6903316E-03   -0.6903316E-03
  0.1011748E+04   -0.7061637E-03   -0.7061637E-03
  0.1010955E+04   -0.7259412E-03   -0.7259412E-03
  0.1010129E+04   -0.7154711E-03   -0.7154711E-03
  0.1009267E+04   -0.7091249E-03   -0.7091249E-03
  0.1008356E+04   -0.7800185E-03   -0.7800185E-03
  0.1008472E+04   -0.7853252E-04   -0.7853252E-04
  0.1007419E+04   -0.7127146E-03   -0.7127146E-03
  0.1006430E+04   -0.7162874E-03   -0.7162874E-03
  0.1004303E+04   -0.7352187E-03   -0.7352187E-03
  0.1005392E+04   -0.7232370E-03   -0.7232370E-03
  0.1003157E+04   -0.7524967E-03   -0.7524967E-03
  0.1001953E+04   -0.7737411E-03   -0.7737411E-03
  0.1000674E+04   -0.8406644E-03   -0.8406644E-03
  0.1001056E+04   -0.7003246E-04   -0.7003246E-04
  0.9993421E+03   -0.8471693E-03   -0.8471693E-03
  0.9979351E+03   -0.8832243E-03   -0.8832243E-03
  0.9964529E+03   -0.9271710E-03   -0.9271710E-03
  0.9948946E+03   -0.9523993E-03   -0.9523993E-03
  0.9934344E+03   -0.7581042E-04   -0.7581042E-04
  0.9932182E+03   -0.4758709E-03   -0.4758709E-03
  0.9915076E+03   -0.8484878E-03   -0.8484878E-03
  0.9896817E+03   -0.8005228E-03   -0.8005228E-03
  0.9877569E+03   -0.7574347E-03   -0.7574347E-03
  0.9857648E+03   -0.4760819E-03   -0.4760819E-03
  0.9835854E+03   -0.6681696E-03   -0.6681696E-03
  0.9854995E+03   -0.7298864E-04   -0.7298864E-04
  0.9813413E+03   -0.6281242E-03   -0.6281242E-03
  0.9789820E+03   -0.5972838E-03   -0.5972838E-03
  0.9774542E+03   -0.6338099E-04   -0.6338099E-04
  0.9764695E+03   -0.5553896E-03   -0.5553896E-03
  0.9738627E+03   -0.5140714E-03   -0.5140714E-03
  0.9711172E+03   -0.4807070E-03   -0.4807070E-03
  0.9691583E+03   -0.6425236E-04   -0.6425236E-04
  0.9682029E+03   -0.4418923E-03   -0.4418923E-03
  0.9651908E+03   -0.4117141E-03   -0.4117141E-03
  0.9620245E+03   -0.3896128E-03   -0.3896128E-03
  0.9606230E+03   -0.6618349E-04   -0.6618349E-04
  0.9586652E+03   -0.3362847E-03   -0.3362847E-03
  0.9551779E+03   -0.3074264E-03   -0.3074264E-03
  0.9519682E+03   -0.8246459E-04   -0.8246459E-04
  0.9514595E+03   -0.2893160E-03   -0.2893160E-03
  0.9476795E+03   -0.2517813E-03   -0.2517813E-03
  0.9436899E+03   -0.2365144E-03   -0.2365144E-03
  0.9423158E+03   -0.9627597E-04   -0.9627597E-04
  0.9394912E+03   -0.2113512E-03   -0.2113512E-03
  0.9377175E+03   -0.1872036E-03   -0.1872036E-03
  0.9375487E+03   -0.1318741E-03   -0.1318741E-03
  0.9374396E+03   -0.1408195E-03   -0.1408195E-03
  0.9373064E+03   -0.1665867E-03   -0.1665867E-03
  0.9371367E+03   -0.2064240E-03   -0.2064240E-03
  0.9369263E+03   -0.2122779E-03   -0.2122779E-03
  0.9366736E+03   -0.2020271E-03   -0.2020271E-03
  0.9363787E+03   -0.1972174E-03   -0.1972174E-03
  0.9360418E+03   -0.1965287E-03   -0.1965287E-03
  0.9356623E+03   -0.1988294E-03   -0.1988294E-03
  0.9352420E+03   -0.2032879E-03   -0.2032879E-03
  0.9351316E+03   -0.1958580E-03   -0.1958580E-03
  0.9347816E+03   -0.2098073E-03   -0.2098073E-03
  0.9342820E+03   -0.2185772E-03   -0.2185772E-03
  0.9337439E+03   -0.2291636E-03   -0.2291636E-03
  0.9331686E+03   -0.2416100E-03   -0.2416100E-03
  0.9325562E+03   -0.2560667E-03   -0.2560667E-03
  0.9319089E+03   -0.2720799E-03   -0.2720799E-03
  0.9312278E+03   -0.2902745E-03   -0.2902745E-03
  0.9305144E+03   -0.3107653E-03   -0.3107653E-03
  0.9305773E+03   -0.1813424E-03   -0.1813424E-03
  0.9297704E+03   -0.3313186E-03   -0.3313186E-03
  0.9289965E+03   -0.3222767E-03   -0.3222767E-03
  0.9281927E+03   -0.3145119E-03   -0.3145119E-03
  0.9273600E+03   -0.3080559E-03   -0.3080559E-03
  0.9264992E+03   -0.3031859E-03   -0.3031859E-03
  0.9258284E+03   -0.1681868E-03   -0.1681868E-03
  0.9256107E+03   -0.2990148E-03   -0.2990148E-03
  0.9246955E+03   -0.2959777E-03   -0.2959777E-03
  0.9237537E+03   -0.2941610E-03   -0.2941610E-03
  0.9227858E+03   -0.2933029E-03   -0.2933029E-03
  0.9217907E+03   -0.2934668E-03   -0.2934668E-03
  0.9208757E+03   -0.1561502E-03   -0.1561502E-03
  0.9207682E+03   -0.2945605E-03   -0.2945605E-03
  0.9197194E+03   -0.2956881E-03   -0.2956881E-03
  0.9186429E+03   -0.2975802E-03   -0.2975802E-03
  0.9175388E+03   -0.3001006E-03   -0.3001006E-03
  0.9164073E+03   -0.3033980E-03   -0.3033980E-03
  0.9157280E+03   -0.1455941E-03   -0.1455941E-03
  0.9152466E+03   -0.3073169E-03   -0.3073169E-03
  0.9140566E+03   -0.3116327E-03   -0.3116327E-03
  0.9128361E+03   -0.3164241E-03   -0.3164241E-03
  0.9115847E+03   -0.3219354E-03   -0.3219354E-03
  0.9103766E+03   -0.1453009E-03   -0.1453009E-03
  0.9102961E+03   -0.3463490E-03   -0.3463490E-03
  0.9089828E+03   -0.3346120E-03   -0.3346120E-03
  0.9076310E+03   -0.3426969E-03   -0.3426969E-03
  0.9062415E+03   -0.3512536E-03   -0.3512536E-03
  0.9047750E+03   -0.2282057E-03   -0.2282057E-03
  0.9048421E+03   -0.2894339E-03   -0.2894339E-03
  0.9033398E+03   -0.3680651E-03   -0.3680651E-03
  0.9018255E+03   -0.3766083E-03   -0.3766083E-03
  0.9002662E+03   -0.3858815E-03   -0.3858815E-03
  0.8990352E+03   -0.1233021E-03   -0.1233021E-03
  0.8986483E+03   -0.3959080E-03   -0.3959080E-03
  0.8969957E+03   -0.3991367E-03   -0.3991367E-03
  0.8952845E+03   -0.4064804E-03   -0.4064804E-03
  0.8935241E+03   -0.4261555E-03   -0.4261555E-03
  0.8930201E+03   -0.1146510E-03   -0.1146510E-03
  0.8916795E+03   -0.4127940E-03   -0.4127940E-03
  0.8897912E+03   -0.4157757E-03   -0.4157757E-03
  0.8878412E+03   -0.4234940E-03   -0.4234940E-03
  0.8868076E+03   -0.1078102E-03   -0.1078102E-03
  0.8857968E+03   -0.4129978E-03   -0.4129978E-03
  0.8837089E+03   -0.4122123E-03   -0.4122123E-03
  0.8815485E+03   -0.4184308E-03   -0.4184308E-03
  0.8803651E+03   -0.1019944E-03   -0.1019944E-03
  0.8792690E+03   -0.4015226E-03   -0.4015226E-03
  0.8769486E+03   -0.3975165E-03   -0.3975165E-03
  0.8745520E+03   -0.4129861E-03   -0.4129861E-03
  0.8736928E+03   -0.9643529E-04   -0.9643529E-04
  0.8720007E+03   -0.3779594E-03   -0.3779594E-03
  0.8694148E+03   -0.3744006E-03   -0.3744006E-03
  0.8669655E+03   -0.1438138E-03   -0.1438138E-03
  0.8665782E+03   -0.2324671E-03   -0.2324671E-03
  0.8638913E+03   -0.3480728E-03   -0.3480728E-03
  0.8610112E+03   -0.3554876E-03   -0.3554876E-03
  0.8597421E+03   -0.8735164E-04   -0.8735164E-04
  0.8579309E+03   -0.3193723E-03   -0.3193723E-03
  0.8548184E+03   -0.3168647E-03   -0.3168647E-03
  0.8524958E+03   -0.8861071E-04   -0.8861071E-04
  0.8514846E+03   -0.2971416E-03   -0.2971416E-03
  0.8481537E+03   -0.2880737E-03   -0.2880737E-03
  0.8450704E+03   -0.1066168E-03   -0.1066168E-03
  0.8444829E+03   -0.2579610E-03   -0.2579610E-03
  0.8439702E+03   -0.1541992E-03   -0.1541992E-03
  0.8438440E+03   -0.1087740E-03   -0.1087740E-03
  0.8437622E+03   -0.1144321E-03   -0.1144321E-03
  0.8436530E+03   -0.1309601E-03   -0.1309601E-03
  0.8435049E+03   -0.1552311E-03   -0.1552311E-03
  0.8433134E+03   -0.1881725E-03   -0.1881725E-03
  0.8430769E+03   -0.2040813E-03   -0.2040813E-03
  0.8427962E+03   -0.1953625E-03   -0.1953625E-03
  0.8424717E+03   -0.1911513E-03   -0.1911513E-03
  0.8421032E+03   -0.1894789E-03   -0.1894789E-03
  0.8416925E+03   -0.1894172E-03   -0.1894172E-03
  0.8412398E+03   -0.1916918E-03   -0.1916918E-03
  0.8409684E+03   -0.2604171E-03   -0.2604171E-03
  0.8407457E+03   -0.1947210E-03   -0.1947210E-03
  0.8402123E+03   -0.1989413E-03   -0.1989413E-03
  0.8396396E+03   -0.2050241E-03   -0.2050241E-03
  0.8390274E+03   -0.2118559E-03   -0.2118559E-03
  0.8383767E+03   -0.2200234E-03   -0.2200234E-03
  0.8376874E+03   -0.2292565E-03   -0.2292565E-03
  0.8374556E+03   -0.1435194E-03   -0.1435194E-03
  0.8361973E+03   -0.2499675E-03   -0.2499675E-03
  0.8369607E+03   -0.2390205E-03   -0.2390205E-03
  0.8369189E+03   -0.1436825E-03   -0.1436825E-03
  0.8353978E+03   -0.2621810E-03   -0.2621810E-03
  0.8345621E+03   -0.2753313E-03   -0.2753313E-03
  0.8336905E+03   -0.2897314E-03   -0.2897314E-03
  0.8332228E+03   -0.2332997E-03   -0.2332997E-03
  0.8327836E+03   -0.3056004E-03   -0.3056004E-03
  0.8318415E+03   -0.3209592E-03   -0.3209592E-03
  0.8308644E+03   -0.3126133E-03   -0.3126133E-03
  0.8298525E+03   -0.3052673E-03   -0.3052673E-03
  0.8295005E+03   -0.1154862E-03   -0.1154862E-03
  0.8288058E+03   -0.2988469E-03   -0.2988469E-03
  0.8289193E+03   -0.1777777E-03   -0.1777777E-03
  0.8277238E+03   -0.2931802E-03   -0.2931802E-03
  0.8266060E+03   -0.2883273E-03   -0.2883273E-03
  0.8254532E+03   -0.2842388E-03   -0.2842388E-03
  0.8248846E+03   -0.2079237E-03   -0.2079237E-03
  0.8242629E+03   -0.2810472E-03   -0.2810472E-03
  0.8230349E+03   -0.2780038E-03   -0.2780038E-03
  0.8217695E+03   -0.2754839E-03   -0.2754839E-03
  0.8212819E+03   -0.8131546E-04   -0.8131546E-04
  0.8204661E+03   -0.2786986E-03   -0.2786986E-03
  0.8203771E+03   -0.2136022E-03   -0.2136022E-03
  0.8191191E+03   -0.2716009E-03   -0.2716009E-03
  0.8177333E+03   -0.2700753E-03   -0.2700753E-03
  0.8163063E+03   -0.2696312E-03   -0.2696312E-03
  0.8159253E+03   -0.1859485E-03   -0.1859485E-03
  0.8148332E+03   -0.2670992E-03   -0.2670992E-03
  0.8133188E+03   -0.2659834E-03   -0.2659834E-03
  0.8129402E+03   -0.7458868E-04   -0.7458868E-04
  0.8117598E+03   -0.2655458E-03   -0.2655458E-03
  0.8111348E+03   -0.1740751E-03   -0.1740751E-03
  0.8101499E+03   -0.2639381E-03   -0.2639381E-03
  0.8084956E+03   -0.2630561E-03   -0.2630561E-03
  0.8067949E+03   -0.2655892E-03   -0.2655892E-03
  0.8062984E+03   -0.1683132E-03   -0.1683132E-03
  0.8050311E+03   -0.2619607E-03   -0.2619607E-03
  0.8044371E+03   -0.7710531E-04   -0.7710531E-04
  0.8032228E+03   -0.2614523E-03   -0.2614523E-03
  0.8013772E+03   -0.2911867E-03   -0.2911867E-03
  0.8011487E+03   -0.1661326E-03   -0.1661326E-03
  0.7994308E+03   -0.2603953E-03   -0.2603953E-03
  0.7972721E+03   -0.3483828E-04   -0.3483828E-04
  0.7974526E+03   -0.2613736E-03   -0.2613736E-03
  0.7961416E+03   -0.2014327E-03   -0.2014327E-03
  0.7953862E+03   -0.2683850E-03   -0.2683850E-03
  0.7956278E+03   -0.1429480E-03   -0.1429480E-03
  0.7932916E+03   -0.2590816E-03   -0.2590816E-03
  0.7911317E+03   -0.2686181E-03   -0.2686181E-03
  0.7904704E+03   -0.1368246E-03   -0.1368246E-03
  0.7888586E+03   -0.2571642E-03   -0.2571642E-03
  0.7865601E+03   -0.2880498E-03   -0.2880498E-03
  0.7864343E+03   -0.1194238E-03   -0.1194238E-03
  0.7848430E+03   -0.1310201E-03   -0.1310201E-03
  0.7841191E+03   -0.2583525E-03   -0.2583525E-03
  0.7816676E+03   -0.2525143E-03   -0.2525143E-03
  0.7792330E+03   -0.3102954E-03   -0.3102954E-03
  0.7789067E+03   -0.1873301E-03   -0.1873301E-03
  0.7770889E+03   -0.2858920E-04   -0.2858920E-04
  0.7764570E+03   -0.2459983E-03   -0.2459983E-03
  0.7737686E+03   -0.2644761E-03   -0.2644761E-03
  0.7729980E+03   -0.1160925E-03   -0.1160925E-03
  0.7708872E+03   -0.2372672E-03   -0.2372672E-03
  0.7680084E+03   -0.2445663E-03   -0.2445663E-03
  0.7668104E+03   -0.1064265E-03   -0.1064265E-03
  0.7649372E+03   -0.2277380E-03   -0.2277380E-03
  0.7618616E+03   -0.2320590E-03   -0.2320590E-03
  0.7604147E+03   -0.9981293E-04   -0.9981293E-04
  0.7580006E+03   -0.2638523E-04   -0.2638523E-04
  0.7585777E+03   -0.2170696E-03   -0.2170696E-03
  0.7552963E+03   -0.2215651E-03   -0.2215651E-03
  0.7538166E+03   -0.9412743E-04   -0.9412743E-04
  0.7517803E+03   -0.2048899E-03   -0.2048899E-03
  0.7501882E+03   -0.1254923E-03   -0.1254923E-03
  0.7501363E+03   -0.8838030E-04   -0.8838030E-04
  0.7500804E+03   -0.9147148E-04   -0.9147148E-04
  0.7499950E+03   -0.1015416E-03   -0.1015416E-03
  0.7498687E+03   -0.1178171E-03   -0.1178171E-03
  0.7496980E+03   -0.1376016E-03   -0.1376016E-03
  0.7494823E+03   -0.1626809E-03   -0.1626809E-03
  0.7492200E+03   -0.1942286E-03   -0.1942286E-03
  0.7489108E+03   -0.1948149E-03   -0.1948149E-03
  0.7485546E+03   -0.1903028E-03   -0.1903028E-03
  0.7481541E+03   -0.1871642E-03   -0.1871642E-03
  0.7482833E+03   -0.2136624E-03   -0.2136624E-03
  0.7477095E+03   -0.1858014E-03   -0.1858014E-03
  0.7472224E+03   -0.1847289E-03   -0.1847289E-03
  0.7470031E+03   -0.8974217E-04   -0.8974217E-04
  0.7466953E+03   -0.1849372E-03   -0.1849372E-03
  0.7461279E+03   -0.1867555E-03   -0.1867555E-03
  0.7455201E+03   -0.1891370E-03   -0.1891370E-03
  0.7448722E+03   -0.1928223E-03   -0.1928223E-03
  0.7441837E+03   -0.1965923E-03   -0.1965923E-03
  0.7445168E+03   -0.1919134E-03   -0.1919134E-03
  0.7434570E+03   -0.2003859E-03   -0.2003859E-03
  0.7426920E+03   -0.2052513E-03   -0.2052513E-03
  0.7418893E+03   -0.2104299E-03   -0.2104299E-03
  0.7410487E+03   -0.2165391E-03   -0.2165391E-03
  0.7408198E+03   -0.2245444E-03   -0.2245444E-03
  0.7401689E+03   -0.2232447E-03   -0.2232447E-03
  0.7399563E+03   -0.9213414E-04   -0.9213414E-04
  0.7392029E+03   -0.2506476E-04   -0.2506476E-04
  0.7392508E+03   -0.2299859E-03   -0.2299859E-03
  0.7382944E+03   -0.2372128E-03   -0.2372128E-03
  0.7372999E+03   -0.2446341E-03   -0.2446341E-03
  0.7367518E+03   -0.1791562E-03   -0.1791562E-03
  0.7362677E+03   -0.2524693E-03   -0.2524693E-03
  0.7351976E+03   -0.2608745E-03   -0.2608745E-03
  0.7340884E+03   -0.2698378E-03   -0.2698378E-03
  0.7330913E+03   -0.1197876E-03   -0.1197876E-03
  0.7329392E+03   -0.2797786E-03   -0.2797786E-03
  0.7317518E+03   -0.2886456E-03   -0.2886456E-03
  0.7324485E+03   -0.2174325E-03   -0.2174325E-03
  0.7305239E+03   -0.2988079E-03   -0.2988079E-03
  0.7292556E+03   -0.3022803E-03   -0.3022803E-03
  0.7284570E+03   -0.1677478E-03   -0.1677478E-03
  0.7279464E+03   -0.2960660E-03   -0.2960660E-03
  0.7265964E+03   -0.2906301E-03   -0.2906301E-03
  0.7255419E+03   -0.7713913E-04   -0.7713913E-04
  0.7252022E+03   -0.2861422E-03   -0.2861422E-03
  0.7240133E+03   -0.1624459E-03   -0.1624459E-03
  0.7237612E+03   -0.2841172E-03   -0.2841172E-03
  0.7222780E+03   -0.2778123E-03   -0.2778123E-03
  0.7207572E+03   -0.2895591E-04   -0.2895591E-04
  0.7207444E+03   -0.1508075E-03   -0.1508075E-03
  0.7196042E+03   -0.1620854E-03   -0.1620854E-03
  0.7191614E+03   -0.2719285E-03   -0.2719285E-03
  0.7179107E+03   -0.7298713E-04   -0.7298713E-04
  0.7175341E+03   -0.2670434E-03   -0.2670434E-03
  0.7158553E+03   -0.2648489E-03   -0.2648489E-03
  0.7148656E+03   -0.1466435E-03   -0.1466435E-03
  0.7141145E+03   -0.2621362E-03   -0.2621362E-03
  0.7123279E+03   -0.2585047E-03   -0.2585047E-03
  0.7105314E+03   -0.3061155E-03   -0.3061155E-03
  0.7104112E+03   -0.1718840E-03   -0.1718840E-03
  0.7097950E+03   -0.1777210E-03   -0.1777210E-03
  0.7085716E+03   -0.2519237E-03   -0.2519237E-03
  0.7066115E+03   -0.2497800E-03   -0.2497800E-03
  0.7050916E+03   -0.1405000E-03   -0.1405000E-03
  0.7045657E+03   -0.2512994E-03   -0.2512994E-03
  0.7026785E+03   -0.2411244E-04   -0.2411244E-04
  0.7024949E+03   -0.2534684E-03   -0.2534684E-03
  0.7023029E+03   -0.7054079E-04   -0.7054079E-04
  0.7003507E+03   -0.2554897E-03   -0.2554897E-03
  0.6998549E+03   -0.1316255E-03   -0.1316255E-03
  0.6980964E+03   -0.2377166E-03   -0.2377166E-03
  0.6958135E+03   -0.2399630E-03   -0.2399630E-03
  0.6947537E+03   -0.1787285E-03   -0.1787285E-03
  0.6940572E+03   -0.8836654E-04   -0.8836654E-04
  0.6934114E+03   -0.2318616E-03   -0.2318616E-03
  0.6909796E+03   -0.2304632E-03   -0.2304632E-03
  0.6891136E+03   -0.1235680E-03   -0.1235680E-03
  0.6884085E+03   -0.2321158E-03   -0.2321158E-03
  0.6849774E+03   -0.2365778E-04   -0.2365778E-04
  0.6860323E+03   -0.7344754E-04   -0.7344754E-04
  0.6858166E+03   -0.2374629E-03   -0.2374629E-03
  0.6830411E+03   -0.2619351E-03   -0.2619351E-03
  0.6834573E+03   -0.1426693E-03   -0.1426693E-03
  0.6803400E+03   -0.2179636E-03   -0.2179636E-03
  0.6779137E+03   -0.1622338E-03   -0.1622338E-03
  0.6774590E+03   -0.1828052E-03   -0.1828052E-03
  0.6772361E+03   -0.1749996E-03   -0.1749996E-03
  0.6744729E+03   -0.2097855E-03   -0.2097855E-03
  0.6716814E+03   -0.1648076E-03   -0.1648076E-03
  0.6712312E+03   -0.2443722E-03   -0.2443722E-03
  0.6690829E+03   -0.7900152E-04   -0.7900152E-04
  0.6676776E+03   -0.2361559E-04   -0.2361559E-04
  0.6682098E+03   -0.2021121E-03   -0.2021121E-03
  0.6653872E+03   -0.1199385E-03   -0.1199385E-03
  0.6648101E+03   -0.2277587E-03   -0.2277587E-03
  0.6615322E+03   -0.1945396E-03   -0.1945396E-03
  0.6598600E+03   -0.1054384E-03   -0.1054384E-03
  0.6588956E+03   -0.9847782E-04   -0.9847782E-04
  0.6579437E+03   -0.1918374E-03   -0.1918374E-03
  0.6564377E+03   -0.9054677E-04   -0.9054677E-04
  0.6564037E+03   -0.1622124E-03   -0.1622124E-03
  0.6563981E+03   -0.9840329E-04   -0.9840329E-04
  0.6563341E+03   -0.8105083E-04   -0.8105083E-04
  0.6562275E+03   -0.9092648E-04   -0.9092648E-04
  0.6560765E+03   -0.1023194E-03   -0.1023194E-03
  0.6558805E+03   -0.1174428E-03   -0.1174428E-03
  0.6556363E+03   -0.1362029E-03   -0.1362029E-03
  0.6553442E+03   -0.1571878E-03   -0.1571878E-03
  0.6550040E+03   -0.1814470E-03   -0.1814470E-03
  0.6546178E+03   -0.1918877E-03   -0.1918877E-03
  0.6543911E+03   -0.1854773E-03   -0.1854773E-03
  0.6541869E+03   -0.1883889E-03   -0.1883889E-03
  0.6537113E+03   -0.1861553E-03   -0.1861553E-03
  0.6531924E+03   -0.1846350E-03   -0.1846350E-03
  0.6526298E+03   -0.1840557E-03   -0.1840557E-03
  0.6523057E+03   -0.8586688E-04   -0.8586688E-04
  0.6520241E+03   -0.1836017E-03   -0.1836017E-03
  0.6513764E+03   -0.1835315E-03   -0.1835315E-03
  0.6507890E+03   -0.2372193E-04   -0.2372193E-04
  0.6499595E+03   -0.1838056E-03   -0.1838056E-03
  0.6506875E+03   -0.1834949E-03   -0.1834949E-03
  0.6505818E+03   -0.1757473E-03   -0.1757473E-03
  0.6491917E+03   -0.1850939E-03   -0.1850939E-03
  0.6483845E+03   -0.1866370E-03   -0.1866370E-03
  0.6475374E+03   -0.1888828E-03   -0.1888828E-03
  0.6467891E+03   -0.1835572E-03   -0.1835572E-03
  0.6466492E+03   -0.1913680E-03   -0.1913680E-03
  0.6457218E+03   -0.1932797E-03   -0.1932797E-03
  0.6454856E+03   -0.8172155E-04   -0.8172155E-04
  0.6447546E+03   -0.1957815E-03   -0.1957815E-03
  0.6437481E+03   -0.1984167E-03   -0.1984167E-03
  0.6426976E+03   -0.2497369E-03   -0.2497369E-03
  0.6427185E+03   -0.2056922E-03   -0.2056922E-03
  0.6416136E+03   -0.2054024E-03   -0.2054024E-03
  0.6404833E+03   -0.2089479E-03   -0.2089479E-03
  0.6393105E+03   -0.2125854E-03   -0.2125854E-03
  0.6388610E+03   -0.1707172E-03   -0.1707172E-03
  0.6380944E+03   -0.2160173E-03   -0.2160173E-03
  0.6382900E+03   -0.1346756E-03   -0.1346756E-03
  0.6368370E+03   -0.2189795E-03   -0.2189795E-03
  0.6355361E+03   -0.2224159E-03   -0.2224159E-03
  0.6343227E+03   -0.2730776E-04   -0.2730776E-04
  0.6343142E+03   -0.1867094E-03   -0.1867094E-03
  0.6341863E+03   -0.2345457E-03   -0.2345457E-03
  0.6328008E+03   -0.2298459E-03   -0.2298459E-03
  0.6314636E+03   -0.7718421E-04   -0.7718421E-04
  0.6313623E+03   -0.2380698E-03   -0.2380698E-03
  0.6298951E+03   -0.2922248E-03   -0.2922248E-03
  0.6298115E+03   -0.1805629E-03   -0.1805629E-03
  0.6283467E+03   -0.2407501E-03   -0.2407501E-03
  0.6267669E+03   -0.2444845E-03   -0.2444845E-03
  0.6253762E+03   -0.1655572E-03   -0.1655572E-03
  0.6251228E+03   -0.2583826E-03   -0.2583826E-03
  0.6240554E+03   -0.7218740E-04   -0.7218740E-04
  0.6234482E+03   -0.2521225E-03   -0.2521225E-03
  0.6217127E+03   -0.2570304E-03   -0.2570304E-03
  0.6205803E+03   -0.1411585E-03   -0.1411585E-03
  0.6199080E+03   -0.2617916E-03   -0.2617916E-03
  0.6182790E+03   -0.2426711E-04   -0.2426711E-04
  0.6180610E+03   -0.2637556E-03   -0.2637556E-03
  0.6166968E+03   -0.7641782E-04   -0.7641782E-04
  0.6161511E+03   -0.2736892E-03   -0.2736892E-03
  0.6156147E+03   -0.1413775E-03   -0.1413775E-03
  0.6141685E+03   -0.2697039E-03   -0.2697039E-03
  0.6121392E+03   -0.2741850E-03   -0.2741850E-03
  0.6107364E+03   -0.1404308E-03   -0.1404308E-03
  0.6100143E+03   -0.2794021E-03   -0.2794021E-03
  0.6089120E+03   -0.6685114E-04   -0.6685114E-04
  0.6078562E+03   -0.2778719E-03   -0.2778719E-03
  0.6056856E+03   -0.3983837E-03   -0.3983837E-03
  0.6054093E+03   -0.1604528E-03   -0.1604528E-03
  0.6026658E+03   -0.2464681E-04   -0.2464681E-04
  0.6032895E+03   -0.2708089E-03   -0.2708089E-03
  0.6011970E+03   -0.7911710E-04   -0.7911710E-04
  0.6008912E+03   -0.2908138E-03   -0.2908138E-03
  0.6000330E+03   -0.1265512E-03   -0.1265512E-03
  0.5984167E+03   -0.2613336E-03   -0.2613336E-03
  0.5958907E+03   -0.2645328E-03   -0.2645328E-03
  0.5946326E+03   -0.1244575E-03   -0.1244575E-03
  0.5932243E+03   -0.2606552E-03   -0.2606552E-03
  0.5930383E+03   -0.6599894E-04   -0.6599894E-04
  0.5905276E+03   -0.2536628E-03   -0.2536628E-03
  0.5888911E+03   -0.1158614E-03   -0.1158614E-03
  0.5874876E+03   -0.2520013E-04   -0.2520013E-04
  0.5876747E+03   -0.2452074E-03   -0.2452074E-03
  0.5849761E+03   -0.8184278E-04   -0.8184278E-04
  0.5847707E+03   -0.2849112E-03   -0.2849112E-03
  0.5829717E+03   -0.1113922E-03   -0.1113922E-03
  0.5817608E+03   -0.2352821E-03   -0.2352821E-03
  0.5787138E+03   -0.2384676E-03   -0.2384676E-03
  0.5770689E+03   -0.1437176E-03   -0.1437176E-03
  0.5764570E+03   -0.8149128E-04   -0.8149128E-04
  0.5754572E+03   -0.2260930E-03   -0.2260930E-03
  0.5727503E+03   -0.2569562E-04   -0.2569562E-04
  0.5722090E+03   -0.2331439E-03   -0.2331439E-03
  0.5706887E+03   -0.1024716E-03   -0.1024716E-03
  0.5687348E+03   -0.2196224E-03   -0.2196224E-03
  0.5681039E+03   -0.7111688E-04   -0.7111688E-04
  0.5652746E+03   -0.2360081E-03   -0.2360081E-03
  0.5641917E+03   -0.9735791E-04   -0.9735791E-04
  0.5627503E+03   -0.1264089E-03   -0.1264089E-03
  0.5627283E+03   -0.9414628E-04   -0.9414628E-04
  0.5627127E+03   -0.1151849E-03   -0.1151849E-03
  0.5626840E+03   -0.7265758E-04   -0.7265758E-04
  0.5625979E+03   -0.7481367E-04   -0.7481367E-04
  0.5624634E+03   -0.8187412E-04   -0.8187412E-04
  0.5622810E+03   -0.9033589E-04   -0.9033589E-04
  0.5620506E+03   -0.1002763E-03   -0.1002763E-03
  0.5617728E+03   -0.1117129E-03   -0.1117129E-03
  0.5614477E+03   -0.1243068E-03   -0.1243068E-03
  0.5615496E+03   -0.2085913E-03   -0.2085913E-03
  0.5610769E+03   -0.1385314E-03   -0.1385314E-03
  0.5606600E+03   -0.1548074E-03   -0.1548074E-03
  0.5605084E+03   -0.5396583E-04   -0.5396583E-04
  0.5601970E+03   -0.1729717E-03   -0.1729717E-03
  0.5596882E+03   -0.1929999E-03   -0.1929999E-03
  0.5595213E+03   -0.8158951E-04   -0.8158951E-04
  0.5591339E+03   -0.1916080E-03   -0.1916080E-03
  0.5584086E+03   -0.2677421E-04   -0.2677421E-04
  0.5585349E+03   -0.1893839E-03   -0.1893839E-03
  0.5579700E+03   -0.3622605E-03   -0.3622605E-03
  0.5578923E+03   -0.1878236E-03   -0.1878236E-03
  0.5574033E+03   -0.1217681E-03   -0.1217681E-03
  0.5572067E+03   -0.1862231E-03   -0.1862231E-03
  0.5564788E+03   -0.1849860E-03   -0.1849860E-03
  0.5557081E+03   -0.1843529E-03   -0.1843529E-03
  0.5548949E+03   -0.1836389E-03   -0.1836389E-03
  0.5540399E+03   -0.1831903E-03   -0.1831903E-03
  0.5538840E+03   -0.2013263E-03   -0.2013263E-03
  0.5531423E+03   -0.1825924E-03   -0.1825924E-03
  0.5522034E+03   -0.1822348E-03   -0.1822348E-03
  0.5512231E+03   -0.1821213E-03   -0.1821213E-03
  0.5509065E+03   -0.1063885E-03   -0.1063885E-03
  0.5491366E+03   -0.1824546E-03   -0.1824546E-03
  0.5497703E+03   -0.1994677E-03   -0.1994677E-03
  0.5502011E+03   -0.1822742E-03   -0.1822742E-03
  0.5501321E+03   -0.1096883E-03   -0.1096883E-03
  0.5480302E+03   -0.1828542E-03   -0.1828542E-03
  0.5468801E+03   -0.1835690E-03   -0.1835690E-03
  0.5457294E+03   -0.2545302E-03   -0.2545302E-03
  0.5456739E+03   -0.2320795E-03   -0.2320795E-03
  0.5446843E+03   -0.3381555E-04   -0.3381555E-04
  0.5444471E+03   -0.1851612E-03   -0.1851612E-03
  0.5439046E+03   -0.5022168E-04   -0.5022168E-04
  0.5437811E+03   -0.8636611E-04   -0.8636611E-04
  0.5431635E+03   -0.1863695E-03   -0.1863695E-03
  0.5418348E+03   -0.1883741E-03   -0.1883741E-03
  0.5413557E+03   -0.1876919E-03   -0.1876919E-03
  0.5404537E+03   -0.1888403E-03   -0.1888403E-03
  0.5390282E+03   -0.1898877E-03   -0.1898877E-03
  0.5375560E+03   -0.1932081E-03   -0.1932081E-03
  0.5371157E+03   -0.2725290E-03   -0.2725290E-03
  0.5360217E+03   -0.1917362E-03   -0.1917362E-03
  0.5364287E+03   -0.1002530E-03   -0.1002530E-03
  0.5344459E+03   -0.1923592E-03   -0.1923592E-03
  0.5328224E+03   -0.1968081E-03   -0.1968081E-03
  0.5323303E+03   -0.1747173E-03   -0.1747173E-03
  0.5311159E+03   -0.3548116E-04   -0.3548116E-04
  0.5311297E+03   -0.1410947E-03   -0.1410947E-03
  0.5294007E+03   -0.2142223E-03   -0.2142223E-03
  0.5292746E+03   -0.9074961E-04   -0.9074961E-04
  0.5285685E+03   -0.3804541E-04   -0.3804541E-04
  0.5274745E+03   -0.2275955E-03   -0.2275955E-03
  0.5276403E+03   -0.2889183E-03   -0.2889183E-03
  0.5257316E+03   -0.1952484E-03   -0.1952484E-03
  0.5238236E+03   -0.1978695E-03   -0.1978695E-03
  0.5227606E+03   -0.1755350E-03   -0.1755350E-03
  0.5218243E+03   -0.1973375E-03   -0.1973375E-03
  0.5216134E+03   -0.8019004E-04   -0.8019004E-04
  0.5197924E+03   -0.1961900E-03   -0.1961900E-03
  0.5180649E+03   -0.2881764E-04   -0.2881764E-04
  0.5177678E+03   -0.3230545E-03   -0.3230545E-03
  0.5175188E+03   -0.2216731E-03   -0.2216731E-03
  0.5154974E+03   -0.1958326E-03   -0.1958326E-03
  0.5140043E+03   -0.8277181E-04   -0.8277181E-04
  0.5134465E+03   -0.3539309E-04   -0.3539309E-04
  0.5132556E+03   -0.2007445E-03   -0.2007445E-03
  0.5123124E+03   -0.1421832E-03   -0.1421832E-03
  0.5109094E+03   -0.1942251E-03   -0.1942251E-03
  0.5085306E+03   -0.1965416E-03   -0.1965416E-03
  0.5070673E+03   -0.1491017E-03   -0.1491017E-03
  0.5054276E+03   -0.2957510E-04   -0.2957510E-04
  0.5059538E+03   -0.7984008E-04   -0.7984008E-04
  0.5060168E+03   -0.2057565E-03   -0.2057565E-03
  0.5034804E+03   -0.1926415E-03   -0.1926415E-03
  0.5014484E+03   -0.1323599E-03   -0.1323599E-03
  0.5007796E+03   -0.1979788E-03   -0.1979788E-03
  0.4986633E+03   -0.3376098E-04   -0.3376098E-04
  0.4981265E+03   -0.2291925E-03   -0.2291925E-03
  0.4979301E+03   -0.8814753E-04   -0.8814753E-04
  0.4956987E+03   -0.1347439E-03   -0.1347439E-03
  0.4951844E+03   -0.2071901E-03   -0.2071901E-03
  0.4932000E+03   -0.3034008E-04   -0.3034008E-04
  0.4923477E+03   -0.1839320E-03   -0.1839320E-03
  0.4900410E+03   -0.2000901E-03   -0.2000901E-03
  0.4892272E+03   -0.2140635E-03   -0.2140635E-03
  0.4894778E+03   -0.1095760E-03   -0.1095760E-03
  0.4862065E+03   -0.1771562E-03   -0.1771562E-03
  0.4842401E+03   -0.3318494E-04   -0.3318494E-04
  0.4837227E+03   -0.1129376E-03   -0.1129376E-03
  0.4829076E+03   -0.1809610E-03   -0.1809610E-03
  0.4813654E+03   -0.3198649E-04   -0.3198649E-04
  0.4812739E+03   -0.7926546E-04   -0.7926546E-04
  0.4796574E+03   -0.1701805E-03   -0.1701805E-03
  0.4773835E+03   -0.9940435E-04   -0.9940435E-04
  0.4761592E+03   -0.1652474E-03   -0.1652474E-03
  0.4728201E+03   -0.1209033E-03   -0.1209033E-03
  0.4726108E+03   -0.2264476E-03   -0.2264476E-03
  0.4708572E+03   -0.9244258E-04   -0.9244258E-04
  0.4703227E+03   -0.5123211E-04   -0.5123211E-04
  0.4697655E+03   -0.4481332E-04   -0.4481332E-04
  0.4684839E+03   -0.7990395E-04   -0.7990395E-04
  0.4686975E+03   -0.7370004E-04   -0.7370004E-04
  0.4690691E+03   -0.6159558E-04   -0.6159558E-04
  0.4690345E+03   -0.1087844E-03   -0.1087844E-03
  0.4690231E+03   -0.7538105E-04   -0.7538105E-04
  0.4688610E+03   -0.6981953E-04   -0.6981953E-04
  0.4689913E+03   -0.6702232E-04   -0.6702232E-04
  0.4689743E+03   -0.7003189E-04   -0.7003189E-04
  0.4689510E+03   -0.1538333E-03   -0.1538333E-03
  0.4682193E+03   -0.8658474E-04   -0.8658474E-04
  0.4679055E+03   -0.9342471E-04   -0.9342471E-04
  0.4675433E+03   -0.1011257E-03   -0.1011257E-03
  0.4671336E+03   -0.1087091E-03   -0.1087091E-03
  0.4666796E+03   -0.1170213E-03   -0.1170213E-03
  0.4661805E+03   -0.1267961E-03   -0.1267961E-03
  0.4656359E+03   -0.1372020E-03   -0.1372020E-03
  0.4652587E+03   -0.1686465E-03   -0.1686465E-03
  0.4650461E+03   -0.1486261E-03   -0.1486261E-03
  0.4644099E+03   -0.1605888E-03   -0.1605888E-03
  0.4643013E+03   -0.1466093E-03   -0.1466093E-03
  0.4637289E+03   -0.1729721E-03   -0.1729721E-03
  0.4630040E+03   -0.1859692E-03   -0.1859692E-03
  0.4638705E+03   -0.1201484E-03   -0.1201484E-03
  0.4622341E+03   -0.1988143E-03   -0.1988143E-03
  0.4614203E+03   -0.1975503E-03   -0.1975503E-03
  0.4612525E+03   -0.1443879E-03   -0.1443879E-03
  0.4605617E+03   -0.1960402E-03   -0.1960402E-03
  0.4596577E+03   -0.1947734E-03   -0.1947734E-03
  0.4589294E+03   -0.3438102E-04   -0.3438102E-04
  0.4587091E+03   -0.1930976E-03   -0.1930976E-03
  0.4575842E+03   -0.1257266E-03   -0.1257266E-03
  0.4577175E+03   -0.1936930E-03   -0.1936930E-03
  0.4570000E+03   -0.1969046E-03   -0.1969046E-03
  0.4564038E+03   -0.3209746E-04   -0.3209746E-04
  0.4566774E+03   -0.1899413E-03   -0.1899413E-03
  0.4555960E+03   -0.1879966E-03   -0.1879966E-03
  0.4544702E+03   -0.1870546E-03   -0.1870546E-03
  0.4551569E+03   -0.9193472E-04   -0.9193472E-04
  0.4533007E+03   -0.1883102E-03   -0.1883102E-03
  0.4530346E+03   -0.1367200E-03   -0.1367200E-03
  0.4520784E+03   -0.1851963E-03   -0.1851963E-03
  0.4508151E+03   -0.1848341E-03   -0.1848341E-03
  0.4503430E+03   -0.7677406E-04   -0.7677406E-04
  0.4495023E+03   -0.1837950E-03   -0.1837950E-03
  0.4486685E+03   -0.1309832E-03   -0.1309832E-03
  0.4482337E+03   -0.3500432E-04   -0.3500432E-04
  0.4481372E+03   -0.1830766E-03   -0.1830766E-03
  0.4467304E+03   -0.1823102E-03   -0.1823102E-03
  0.4456102E+03   -0.1158178E-03   -0.1158178E-03
  0.4452721E+03   -0.1825506E-03   -0.1825506E-03
  0.4443012E+03   -0.1364200E-03   -0.1364200E-03
  0.4437517E+03   -0.1834897E-03   -0.1834897E-03
  0.4430964E+03   -0.3232009E-04   -0.3232009E-04
  0.4430356E+03   -0.7496718E-04   -0.7496718E-04
  0.4421910E+03   -0.1822416E-03   -0.1822416E-03
  0.4405754E+03   -0.1831949E-03   -0.1831949E-03
  0.4396307E+03   -0.1212503E-03   -0.1212503E-03
  0.4388884E+03   -0.1828634E-03   -0.1828634E-03
  0.4379099E+03   -0.3596844E-04   -0.3596844E-04
  0.4371629E+03   -0.1824252E-03   -0.1824252E-03
  0.4357918E+03   -0.7658141E-04   -0.7658141E-04
  0.4353696E+03   -0.1884269E-03   -0.1884269E-03
  0.4347667E+03   -0.1234070E-03   -0.1234070E-03
  0.4335109E+03   -0.1820814E-03   -0.1820814E-03
  0.4316038E+03   -0.1832662E-03   -0.1832662E-03
  0.4301698E+03   -0.3263619E-04   -0.3263619E-04
  0.4300287E+03   -0.1263032E-03   -0.1263032E-03
  0.4295831E+03   -0.1913200E-03   -0.1913200E-03
  0.4279357E+03   -0.3706000E-04   -0.3706000E-04
  0.4280621E+03   -0.6608907E-04   -0.6608907E-04
  0.4275660E+03   -0.1811907E-03   -0.1811907E-03
  0.4254818E+03   -0.1921747E-03   -0.1921747E-03
  0.4248516E+03   -0.1101711E-03   -0.1101711E-03
  0.4232602E+03   -0.1779988E-03   -0.1779988E-03
  0.4210362E+03   -0.1867634E-03   -0.1867634E-03
  0.4204069E+03   -0.7304207E-04   -0.7304207E-04
  0.4195219E+03   -0.1175913E-03   -0.1175913E-03
  0.4183829E+03   -0.3899000E-04   -0.3899000E-04
  0.4186555E+03   -0.1769144E-03   -0.1769144E-03
  0.4175531E+03   -0.3419034E-04   -0.3419034E-04
  0.4162785E+03   -0.1763365E-03   -0.1763365E-03
  0.4143252E+03   -0.1161837E-03   -0.1161837E-03
  0.4137196E+03   -0.1845098E-03   -0.1845098E-03
  0.4122689E+03   -0.6035093E-04   -0.6035093E-04
  0.4112102E+03   -0.1713077E-03   -0.1713077E-03
  0.4090567E+03   -0.3996500E-04   -0.3996500E-04
  0.4087936E+03   -0.1713600E-03   -0.1713600E-03
  0.4083888E+03   -0.2076007E-03   -0.2076007E-03
  0.4060879E+03   -0.7995418E-04   -0.7995418E-04
  0.4058072E+03   -0.1731352E-03   -0.1731352E-03
  0.4053099E+03   -0.3845914E-04   -0.3845914E-04
  0.4041972E+03   -0.6092863E-04   -0.6092863E-04
  0.4030941E+03   -0.2627046E-03   -0.2627046E-03
  0.4026704E+03   -0.1221576E-03   -0.1221576E-03
  0.4000833E+03   -0.4389786E-04   -0.4389786E-04
  0.4000434E+03   -0.1761351E-03   -0.1761351E-03
  0.3972492E+03   -0.2216646E-03   -0.2216646E-03
  0.3967698E+03   -0.1553739E-03   -0.1553739E-03
  0.3957211E+03   -0.5855100E-04   -0.5855100E-04
  0.3937287E+03   -0.3754205E-04   -0.3754205E-04
  0.3938985E+03   -0.1569404E-03   -0.1569404E-03
  0.3925540E+03   -0.5596784E-04   -0.5596784E-04
  0.3914196E+03   -0.4146508E-04   -0.4146508E-04
  0.3909912E+03   -0.1392425E-03   -0.1392425E-03
  0.3904752E+03   -0.1905883E-03   -0.1905883E-03
  0.3874058E+03   -0.1550045E-03   -0.1550045E-03
  0.3872181E+03   -0.8519398E-04   -0.8519398E-04
  0.3845491E+03   -0.9073973E-04   -0.9073973E-04
  0.3837880E+03   -0.1575931E-03   -0.1575931E-03
  0.3831174E+03   -0.4010174E-04   -0.4010174E-04
  0.3822335E+03   -0.3688737E-04   -0.3688737E-04
  0.3803682E+03   -0.1639591E-03   -0.1639591E-03
  0.3800778E+03   -0.5186635E-04   -0.5186635E-04
  0.3787131E+03   -0.6300826E-04   -0.6300826E-04
  0.3778933E+03   -0.8396621E-04   -0.8396621E-04
  0.3765920E+03   -0.1416117E-03   -0.1416117E-03
  0.3753858E+03   -0.4026617E-04   -0.4026617E-04
  0.3753739E+03   -0.4929403E-04   -0.4929403E-04
  0.3753462E+03   -0.5440659E-04   -0.5440659E-04
  0.3753199E+03   -0.4026481E-04   -0.4026481E-04
  0.3752602E+03   -0.5826031E-04   -0.5826031E-04
  0.3751226E+03   -0.6656280E-04   -0.6656280E-04
  0.3750567E+03   -0.4531939E-04   -0.4531939E-04
  0.3749264E+03   -0.6959477E-04   -0.6959477E-04
  0.3747311E+03   -0.5730384E-04   -0.5730384E-04
  0.3746764E+03   -0.7119593E-04   -0.7119593E-04
  0.3743787E+03   -0.7501793E-04   -0.7501793E-04
  0.3740290E+03   -0.7919888E-04   -0.7919888E-04
  0.3736319E+03   -0.8313970E-04   -0.8313970E-04
  0.3731893E+03   -0.8791675E-04   -0.8791675E-04
  0.3726984E+03   -0.9338855E-04   -0.9338855E-04
  0.3728762E+03   -0.1462499E-03   -0.1462499E-03
  0.3721602E+03   -0.9880798E-04   -0.9880798E-04
  0.3715739E+03   -0.1045331E-03   -0.1045331E-03
  0.3713041E+03   -0.7693546E-04   -0.7693546E-04
  0.3712116E+03   -0.3828402E-04   -0.3828402E-04
  0.3709386E+03   -0.1099396E-03   -0.1099396E-03
  0.3702596E+03   -0.1152075E-03   -0.1152075E-03
  0.3697587E+03   -0.5744683E-04   -0.5744683E-04
  0.3695366E+03   -0.1212611E-03   -0.1212611E-03
  0.3688802E+03   -0.1369209E-03   -0.1369209E-03
  0.3687665E+03   -0.1292560E-03   -0.1292560E-03
  0.3678618E+03   -0.4522690E-04   -0.4522690E-04
  0.3679563E+03   -0.1369934E-03   -0.1369934E-03
  0.3672482E+03   -0.4206274E-04   -0.4206274E-04
  0.3670935E+03   -0.1414137E-03   -0.1414137E-03
  0.3661868E+03   -0.1480857E-03   -0.1480857E-03
  0.3652367E+03   -0.1564232E-03   -0.1564232E-03
  0.3649752E+03   -0.1810993E-03   -0.1810993E-03
  0.3642330E+03   -0.1626175E-03   -0.1626175E-03
  0.3642655E+03   -0.7830041E-04   -0.7830041E-04
  0.3631878E+03   -0.1689128E-03   -0.1689128E-03
  0.3620956E+03   -0.1759765E-03   -0.1759765E-03
  0.3609591E+03   -0.1912622E-03   -0.1912622E-03
  0.3608393E+03   -0.7369658E-04   -0.7369658E-04
  0.3606022E+03   -0.1562516E-03   -0.1562516E-03
  0.3605609E+03   -0.3915303E-04   -0.3915303E-04
  0.3597285E+03   -0.4590657E-04   -0.4590657E-04
  0.3597581E+03   -0.1921482E-03   -0.1921482E-03
  0.3585176E+03   -0.1962276E-03   -0.1962276E-03
  0.3572217E+03   -0.2106020E-03   -0.2106020E-03
  0.3573850E+03   -0.7295264E-04   -0.7295264E-04
  0.3562388E+03   -0.1309358E-03   -0.1309358E-03
  0.3559484E+03   -0.6191514E-04   -0.6191514E-04
  0.3558445E+03   -0.1416643E-03   -0.1416643E-03
  0.3544907E+03   -0.2125909E-03   -0.2125909E-03
  0.3530545E+03   -0.2133193E-03   -0.2133193E-03
  0.3525279E+03   -0.4233714E-04   -0.4233714E-04
  0.3519354E+03   -0.1692234E-03   -0.1692234E-03
  0.3516507E+03   -0.8046940E-04   -0.8046940E-04
  0.3515357E+03   -0.2263577E-03   -0.2263577E-03
  0.3502432E+03   -0.3803032E-04   -0.3803032E-04
  0.3500325E+03   -0.1134331E-03   -0.1134331E-03
  0.3499831E+03   -0.1352540E-03   -0.1352540E-03
  0.3484028E+03   -0.2113340E-03   -0.2113340E-03
  0.3471989E+03   -0.1213422E-03   -0.1213422E-03
  0.3467177E+03   -0.2114685E-03   -0.2114685E-03
  0.3455452E+03   -0.4321368E-04   -0.4321368E-04
  0.3450170E+03   -0.2091759E-03   -0.2091759E-03
  0.3442427E+03   -0.4235631E-04   -0.4235631E-04
  0.3432500E+03   -0.2233158E-03   -0.2233158E-03
  0.3428346E+03   -0.1074075E-03   -0.1074075E-03
  0.3422028E+03   -0.1403126E-03   -0.1403126E-03
  0.3413759E+03   -0.2037957E-03   -0.2037957E-03
  0.3418235E+03   -0.8808943E-04   -0.8808943E-04
  0.3403086E+03   -0.3948997E-04   -0.3948997E-04
  0.3388104E+03   -0.4450626E-04   -0.4450626E-04
  0.3394846E+03   -0.2052160E-03   -0.2052160E-03
  0.3376375E+03   -0.2522328E-03   -0.2522328E-03
  0.3373859E+03   -0.1876558E-03   -0.1876558E-03
  0.3354734E+03   -0.2049830E-03   -0.2049830E-03
  0.3349308E+03   -0.5623775E-04   -0.5623775E-04
  0.3333861E+03   -0.2128069E-03   -0.2128069E-03
  0.3328520E+03   -0.4280601E-04   -0.4280601E-04
  0.3323309E+03   -0.4421947E-04   -0.4421947E-04
  0.3323790E+03   -0.1038329E-03   -0.1038329E-03
  0.3311724E+03   -0.2032729E-03   -0.2032729E-03
  0.3306863E+03   -0.4067752E-04   -0.4067752E-04
  0.3289445E+03   -0.2072060E-03   -0.2072060E-03
  0.3274440E+03   -0.1466189E-03   -0.1466189E-03
  0.3260638E+03   -0.4487607E-04   -0.4487607E-04
  0.3265692E+03   -0.2144074E-03   -0.2144074E-03
  0.3268364E+03   -0.8291400E-04   -0.8291400E-04
  0.3242026E+03   -0.2035710E-03   -0.2035710E-03
  0.3219326E+03   -0.1503800E-03   -0.1503800E-03
  0.3218283E+03   -0.9270682E-04   -0.9270682E-04
  0.3215886E+03   -0.1981437E-03   -0.1981437E-03
  0.3213109E+03   -0.5750531E-04   -0.5750531E-04
  0.3200218E+03   -0.4598871E-04   -0.4598871E-04
  0.3191620E+03   -0.2384592E-03   -0.2384592E-03
  0.3190280E+03   -0.6661196E-04   -0.6661196E-04
  0.3165511E+03   -0.2515705E-03   -0.2515705E-03
  0.3160688E+03   -0.9836664E-04   -0.9836664E-04
  0.3142111E+03   -0.4558167E-04   -0.4558167E-04
  0.3137227E+03   -0.1930086E-03   -0.1930086E-03
  0.3125739E+03   -0.4679426E-04   -0.4679426E-04
  0.3111438E+03   -0.1660510E-03   -0.1660510E-03
  0.3108546E+03   -0.7024633E-04   -0.7024633E-04
  0.3108026E+03   -0.1834816E-03   -0.1834816E-03
  0.3102331E+03   -0.1017893E-03   -0.1017893E-03
  0.3085865E+03   -0.4630460E-04   -0.4630460E-04
  0.3079569E+03   -0.1870402E-03   -0.1870402E-03
  0.3050332E+03   -0.2337965E-03   -0.2337965E-03
  0.3044139E+03   -0.9006223E-04   -0.9006223E-04
  0.3039561E+03   -0.4787314E-04   -0.4787314E-04
  0.3031707E+03   -0.4795278E-04   -0.4795278E-04
  0.3024583E+03   -0.5059810E-04   -0.5059810E-04
  0.3018067E+03   -0.1854040E-03   -0.1854040E-03
  0.3003597E+03   -0.4384149E-04   -0.4384149E-04
  0.2987235E+03   -0.2814723E-03   -0.2814723E-03
  0.2979409E+03   -0.4805503E-04   -0.4805503E-04
  0.2982115E+03   -0.9774404E-04   -0.9774404E-04
  0.2956402E+03   -0.4992677E-04   -0.4992677E-04
  0.2952511E+03   -0.1768534E-03   -0.1768534E-03
  0.2939451E+03   -0.5067371E-04   -0.5067371E-04
  0.2929115E+03   -0.4790609E-04   -0.4790609E-04
  0.2921590E+03   -0.1335796E-03   -0.1335796E-03
  0.2917672E+03   -0.2088077E-03   -0.2088077E-03
  0.2911784E+03   -0.1016107E-03   -0.1016107E-03
  0.2900554E+03   -0.4616793E-04   -0.4616793E-04
  0.2882377E+03   -0.1724630E-03   -0.1724630E-03
  0.2880656E+03   -0.4815268E-04   -0.4815268E-04
  0.2876034E+03   -0.5182601E-04   -0.5182601E-04
  0.2857322E+03   -0.1097505E-03   -0.1097505E-03
  0.2850728E+03   -0.5862191E-04   -0.5862191E-04
  0.2845052E+03   -0.1660862E-03   -0.1660862E-03
  0.2833813E+03   -0.4886819E-04   -0.4886819E-04
  0.2815311E+03   -0.4779679E-04   -0.4779679E-04
  0.2817266E+03   -0.5323421E-04   -0.5323421E-04
  0.2816887E+03   -0.3543833E-04   -0.3543833E-04
  0.2817080E+03   -0.3983792E-04   -0.3983792E-04
  0.2816481E+03   -0.4045416E-04   -0.4045416E-04
  0.2816154E+03   -0.3203697E-04   -0.3203697E-04
  0.2813584E+03   -0.5192924E-04   -0.5192924E-04
  0.2811350E+03   -0.5621378E-04   -0.5621378E-04
  0.2808650E+03   -0.1216995E-03   -0.1216995E-03
  0.2808541E+03   -0.1199867E-03   -0.1199867E-03
  0.2805354E+03   -0.6538495E-04   -0.6538495E-04
  0.2803849E+03   -0.7386062E-04   -0.7386062E-04
  0.2801586E+03   -0.6928910E-04   -0.6928910E-04
  0.2798380E+03   -0.5903450E-04   -0.5903450E-04
  0.2797305E+03   -0.7311913E-04   -0.7311913E-04
  0.2794453E+03   -0.8031868E-04   -0.8031868E-04
  0.2792497E+03   -0.7676936E-04   -0.7676936E-04
  0.2789144E+03   -0.5545488E-04   -0.5545488E-04
  0.2788491E+03   -0.8951055E-04   -0.8951055E-04
  0.2787196E+03   -0.7963368E-04   -0.7963368E-04
  0.2783701E+03   -0.4132386E-04   -0.4132386E-04
  0.2781395E+03   -0.8238394E-04   -0.8238394E-04
  0.2775125E+03   -0.8515930E-04   -0.8515930E-04
  0.2767834E+03   -0.1828400E-03   -0.1828400E-03
  0.2768460E+03   -0.9966265E-04   -0.9966265E-04
  0.2761191E+03   -0.9137381E-04   -0.9137381E-04
  0.2763077E+03   -0.5129006E-04   -0.5129006E-04
  0.2753531E+03   -0.9485976E-04   -0.9485976E-04
  0.2744989E+03   -0.5564210E-04   -0.5564210E-04
  0.2745424E+03   -0.1062691E-03   -0.1062691E-03
  0.2736750E+03   -0.1023518E-03   -0.1023518E-03
  0.2729158E+03   -0.2173510E-03   -0.2173510E-03
  0.2727539E+03   -0.1103709E-03   -0.1103709E-03
  0.2724646E+03   -0.6115025E-04   -0.6115025E-04
  0.2719216E+03   -0.7440067E-04   -0.7440067E-04
  0.2717997E+03   -0.1091382E-03   -0.1091382E-03
  0.2707971E+03   -0.1134001E-03   -0.1134001E-03
  0.2704956E+03   -0.5166846E-04   -0.5166846E-04
  0.2703073E+03   -0.5263385E-04   -0.5263385E-04
  0.2697428E+03   -0.1164582E-03   -0.1164582E-03
  0.2688488E+03   -0.1233007E-03   -0.1233007E-03
  0.2686569E+03   -0.1288799E-03   -0.1288799E-03
  0.2682629E+03   -0.1084465E-03   -0.1084465E-03
  0.2674729E+03   -0.1243765E-03   -0.1243765E-03
  0.2672937E+03   -0.5455718E-04   -0.5455718E-04
  0.2662676E+03   -0.6184692E-04   -0.6184692E-04
  0.2662794E+03   -0.1518826E-03   -0.1518826E-03
  0.2652971E+03   -0.5988727E-04   -0.5988727E-04
  0.2649824E+03   -0.2044840E-03   -0.2044840E-03
  0.2650944E+03   -0.1712261E-03   -0.1712261E-03
  0.2641489E+03   -0.1772169E-03   -0.1772169E-03
  0.2637035E+03   -0.1363831E-03   -0.1363831E-03
  0.2623759E+03   -0.6779485E-04   -0.6779485E-04
  0.2623543E+03   -0.1754883E-03   -0.1754883E-03
  0.2611143E+03   -0.5439477E-04   -0.5439477E-04
  0.2609403E+03   -0.1522988E-03   -0.1522988E-03
  0.2599114E+03   -0.1730268E-03   -0.1730268E-03
  0.2594632E+03   -0.1519744E-03   -0.1519744E-03
  0.2586267E+03   -0.5489203E-04   -0.5489203E-04
  0.2583853E+03   -0.6700439E-04   -0.6700439E-04
  0.2582451E+03   -0.7237034E-04   -0.7237034E-04
  0.2580066E+03   -0.2323638E-03   -0.2323638E-03
  0.2577358E+03   -0.1530428E-03   -0.1530428E-03
  0.2574333E+03   -0.1368574E-03   -0.1368574E-03
  0.2563520E+03   -0.1523973E-03   -0.1523973E-03
  0.2550037E+03   -0.5708736E-04   -0.5708736E-04
  0.2551997E+03   -0.1559849E-03   -0.1559849E-03
  0.2546583E+03   -0.1596269E-03   -0.1596269E-03
  0.2530069E+03   -0.1558143E-03   -0.1558143E-03
  0.2520461E+03   -0.6899226E-04   -0.6899226E-04
  0.2516552E+03   -0.7698669E-04   -0.7698669E-04
  0.2515092E+03   -0.6143200E-04   -0.6143200E-04
  0.2512572E+03   -0.1777868E-03   -0.1777868E-03
  0.2506546E+03   -0.2542979E-03   -0.2542979E-03
  0.2500120E+03   -0.8010434E-04   -0.8010434E-04
  0.2494097E+03   -0.1591921E-03   -0.1591921E-03
  0.2487841E+03   -0.6682407E-04   -0.6682407E-04
  0.2481504E+03   -0.5754898E-04   -0.5754898E-04
  0.2476129E+03   -0.2057537E-03   -0.2057537E-03
  0.2470312E+03   -0.6318203E-04   -0.6318203E-04
  0.2457538E+03   -0.2529880E-03   -0.2529880E-03
  0.2453949E+03   -0.2658740E-03   -0.2658740E-03
  0.2449134E+03   -0.5908197E-04   -0.5908197E-04
  0.2451959E+03   -0.1032976E-03   -0.1032976E-03
  0.2435467E+03   -0.1761920E-03   -0.1761920E-03
  0.2430584E+03   -0.5728930E-04   -0.5728930E-04
  0.2425829E+03   -0.6728699E-04   -0.6728699E-04
  0.2418087E+03   -0.6181051E-04   -0.6181051E-04
  0.2414308E+03   -0.1748117E-03   -0.1748117E-03
  0.2404068E+03   -0.1302200E-03   -0.1302200E-03
  0.2392803E+03   -0.1742875E-03   -0.1742875E-03
  0.2390839E+03   -0.7326528E-04   -0.7326528E-04
  0.2387747E+03   -0.6464696E-04   -0.6464696E-04
  0.2387933E+03   -0.8784216E-04   -0.8784216E-04
  0.2371850E+03   -0.2393981E-03   -0.2393981E-03
  0.1491685E+03   -0.4565718E-06   -0.7270223E-06
  0.1491685E+03    0.4565718E-06    0.7270223E-06
  0.2365457E+03   -0.7004827E-04   -0.7004827E-04
  0.2358922E+03   -0.6309380E-04   -0.6309380E-04
  0.2354005E+03   -0.1696308E-03   -0.1696308E-03
  0.2347384E+03   -0.1575631E-03   -0.1575631E-03
  0.2343672E+03   -0.8941515E-04   -0.8941515E-04
  0.2345748E+03   -0.7176957E-04   -0.7176957E-04
  0.2331299E+03   -0.1053909E-03   -0.1053909E-03
  0.2330869E+03   -0.1202132E-03   -0.1202132E-03
  0.2323045E+03   -0.1599283E-03   -0.1599283E-03
  0.2304321E+03   -0.6534334E-04   -0.6534334E-04
  0.2300479E+03   -0.2127698E-03   -0.2127698E-03
  0.2296582E+03   -0.1609855E-03   -0.1609855E-03
  0.2278581E+03   -0.6616083E-04   -0.6616083E-04
  0.2273647E+03   -0.7145231E-04   -0.7145231E-04
  0.2274380E+03   -0.2285494E-03   -0.2285494E-03
  0.2267821E+03   -0.7323922E-04   -0.7323922E-04
  0.2264018E+03   -0.1118703E-03   -0.1118703E-03
  0.2260386E+03   -0.7327524E-04   -0.7327524E-04
  0.2253782E+03   -0.6871532E-04   -0.6871532E-04
  0.2246955E+03   -0.2105339E-03   -0.2105339E-03
  0.2240948E+03   -0.1374060E-03   -0.1374060E-03
  0.2230013E+03   -0.6991536E-04   -0.6991536E-04
  0.2218006E+03   -0.7041693E-04   -0.7041693E-04
  0.2219065E+03   -0.1538433E-03   -0.1538433E-03
  0.2207156E+03   -0.7277819E-04   -0.7277819E-04
  0.2192908E+03   -0.2493634E-03   -0.2493634E-03
  0.2187516E+03   -0.1581391E-03   -0.1581391E-03
  0.2185272E+03   -0.7484848E-04   -0.7484848E-04
  0.2181432E+03   -0.6463081E-04   -0.6463081E-04
  0.2182498E+03   -0.9573360E-04   -0.9573360E-04
  0.2166023E+03   -0.1115625E-03   -0.1115625E-03
  0.2164448E+03   -0.1401421E-03   -0.1401421E-03
  0.2163921E+03   -0.1292260E-03   -0.1292260E-03
  0.2158146E+03   -0.1311088E-03   -0.1311088E-03
  0.2144027E+03   -0.8089747E-04   -0.8089747E-04
  0.2132517E+03   -0.1878486E-03   -0.1878486E-03
  0.2124673E+03   -0.8456958E-04   -0.8456958E-04
  0.2125754E+03   -0.1192658E-03   -0.1192658E-03
  0.2112782E+03   -0.6870270E-04   -0.6870270E-04
  0.2106176E+03   -0.8788715E-04   -0.8788715E-04
  0.2103597E+03   -0.7777333E-04   -0.7777333E-04
  0.2102344E+03   -0.7791281E-04   -0.7791281E-04
  0.2099698E+03   -0.1727704E-03   -0.1727704E-03
  0.2088488E+03   -0.9123411E-04   -0.9123411E-04
  0.2071663E+03   -0.1003065E-03   -0.1003065E-03
  0.2070697E+03   -0.2404828E-03   -0.2404828E-03
  0.2066931E+03   -0.1216818E-03   -0.1216818E-03
  0.2062845E+03   -0.7217057E-04   -0.7217057E-04
  0.2060817E+03   -0.1354433E-03   -0.1354433E-03
  0.2055425E+03   -0.1037409E-03   -0.1037409E-03
  0.2040046E+03   -0.1100152E-03   -0.1100152E-03
  0.2034763E+03   -0.1341379E-03   -0.1341379E-03
  0.2027481E+03   -0.6713844E-04   -0.6713844E-04
  0.2025379E+03   -0.1217923E-03   -0.1217923E-03
  0.2017041E+03   -0.6772507E-04   -0.6772507E-04
  0.2014643E+03   -0.7029892E-04   -0.7029892E-04
  0.2011496E+03   -0.1335854E-03   -0.1335854E-03
  0.2003973E+03   -0.1096455E-03   -0.1096455E-03
  0.1998309E+03   -0.1462093E-03   -0.1462093E-03
  0.1999815E+03   -0.1592758E-03   -0.1592758E-03
  0.1985846E+03   -0.1635317E-03   -0.1635317E-03
  0.1974073E+03   -0.1824772E-03   -0.1824772E-03
  0.1971451E+03   -0.8590461E-04   -0.8590461E-04
  0.1968365E+03   -0.7062472E-04   -0.7062472E-04
  0.1962975E+03   -0.2372046E-03   -0.2372046E-03
  0.1962639E+03   -0.1777818E-03   -0.1777818E-03
  0.1953776E+03   -0.6484175E-04   -0.6484175E-04
  0.1952451E+03   -0.2235306E-03   -0.2235306E-03
  0.1942580E+03   -0.2442057E-03   -0.2442057E-03
  0.1940275E+03   -0.8472182E-04   -0.8472182E-04
  0.1933391E+03   -0.2669902E-03   -0.2669902E-03
  0.1929903E+03   -0.1069786E-03   -0.1069786E-03
  0.1928218E+03   -0.1180265E-03   -0.1180265E-03
  0.1924883E+03   -0.2183894E-03   -0.2183894E-03
  0.1922871E+03   -0.7491997E-04   -0.7491997E-04
  0.1917053E+03   -0.1543265E-03   -0.1543265E-03
  0.1909954E+03   -0.1167914E-03   -0.1167914E-03
  0.1903527E+03   -0.8757265E-04   -0.8757265E-04
  0.1898046E+03   -0.6887431E-04   -0.6887431E-04
  0.1892988E+03   -0.6362092E-04   -0.6362092E-04
  0.1892579E+03   -0.1347905E-03   -0.1347905E-03
  0.1888531E+03   -0.6245525E-04   -0.6245525E-04
  0.1858501E+03   -0.6322780E-04   -0.6322780E-04
  0.1862998E+03   -0.6216203E-04   -0.6216203E-04
  0.1885324E+03   -0.5336106E-04   -0.5336106E-04
  0.1867436E+03   -0.7235773E-04   -0.7235773E-04
  0.1885000E+03   -0.1208999E-03   -0.1208999E-03
  0.1883852E+03   -0.9667057E-04   -0.9667057E-04
  0.1869459E+03   -0.1209594E-03   -0.1209594E-03
  0.1883295E+03   -0.7443094E-04   -0.7443094E-04
  0.1870916E+03   -0.5075970E-04   -0.5075970E-04
  0.1882560E+03   -0.4747352E-04   -0.4747352E-04
  0.1872538E+03   -0.2154678E-04   -0.2154678E-04
  0.1881621E+03   -0.5268609E-04   -0.5268609E-04
  0.1873335E+03   -0.4986815E-04   -0.4986815E-04
  0.1880481E+03   -0.4817716E-04   -0.4817716E-04
  0.1880887E+03   -0.1053301E-03   -0.1053301E-03
  0.1880739E+03   -0.2598317E-03   -0.2598317E-03
  0.1879932E+03   -0.7615531E-04   -0.7615531E-04
  0.1874605E+03   -0.6237931E-04   -0.6237931E-04
  0.1875489E+03   -0.6182529E-04   -0.6182529E-04
  0.1875048E+03   -0.8470195E-04   -0.8470195E-04
  0.1876151E+03   -0.7117475E-04   -0.7117475E-04
  0.1877347E+03   -0.3789848E-04   -0.3789848E-04
  0.1878931E+03   -0.8393876E-04   -0.8393876E-04
  0.1878252E+03   -0.5852417E-04   -0.5852417E-04
  0.1854176E+03   -0.2850473E-04   -0.2850473E-04
  0.1853481E+03   -0.7703009E-04   -0.7703009E-04
  0.1851261E+03   -0.1189215E-03   -0.1189215E-03
  0.1847771E+03   -0.7442326E-04   -0.7442326E-04
  0.1835334E+03   -0.8368942E-04   -0.8368942E-04
  0.1838239E+03   -0.7138110E-04   -0.7138110E-04
  0.1841768E+03   -0.7822527E-04   -0.7822527E-04
  0.1841635E+03   -0.6025735E-04   -0.6025735E-04
  0.1828358E+03   -0.9573468E-04   -0.9573468E-04
  0.1820868E+03   -0.8002169E-04   -0.8002169E-04
  0.1817448E+03   -0.1305886E-04   -0.1305886E-04
  0.1814249E+03   -0.1116798E-03   -0.1116798E-03
  0.1812659E+03   -0.1458705E-03   -0.1458705E-03
  0.1809525E+03   -0.2076737E-04   -0.2076737E-04
  0.1806038E+03   -0.7850421E-04   -0.7850421E-04
  0.1802752E+03   -0.5977799E-04   -0.5977799E-04
  0.1797438E+03   -0.6762373E-04   -0.6762373E-04
  0.1794779E+03   -0.9470940E-04   -0.9470940E-04
  0.1783925E+03   -0.1363160E-03   -0.1363160E-03
  0.1786926E+03   -0.9957757E-04   -0.9957757E-04
  0.1774016E+03   -0.1728335E-03   -0.1728335E-03
  0.1775679E+03   -0.2319180E-03   -0.2319180E-03
  0.1764135E+03   -0.1140261E-03   -0.1140261E-03
  0.1765754E+03   -0.1988022E-03   -0.1988022E-03
  0.1758665E+03   -0.6789497E-04   -0.6789497E-04
  0.1747350E+03   -0.6632393E-04   -0.6632393E-04
  0.1753479E+03   -0.1133638E-03   -0.1133638E-03
  0.1753006E+03   -0.6064208E-04   -0.6064208E-04
  0.1741327E+03   -0.1085354E-03   -0.1085354E-03
  0.1735659E+03   -0.6838539E-04   -0.6838539E-04
  0.1729709E+03   -0.1272862E-03   -0.1272862E-03
  0.1727087E+03   -0.1196299E-03   -0.1196299E-03
  0.1721082E+03   -0.6955472E-04   -0.6955472E-04
  0.1716900E+03   -0.1153934E-03   -0.1153934E-03
  0.1704360E+03   -0.1451050E-03   -0.1451050E-03
  0.1697069E+03   -0.7162968E-04   -0.7162968E-04
  0.1690062E+03   -0.1610824E-03   -0.1610824E-03
  0.1682532E+03   -0.6494021E-04   -0.6494021E-04
  0.1685386E+03   -0.1583782E-03   -0.1583782E-03
  0.1684792E+03   -0.8076911E-04   -0.8076911E-04
  0.1674768E+03   -0.1126693E-03   -0.1126693E-03
  0.1672310E+03   -0.1399585E-03   -0.1399585E-03
  0.1664972E+03   -0.7578655E-04   -0.7578655E-04
  0.1660614E+03   -0.1278768E-03   -0.1278768E-03
  0.1658282E+03   -0.1303862E-03   -0.1303862E-03
  0.1649685E+03   -0.6849568E-04   -0.6849568E-04
  0.1645514E+03   -0.1325988E-03   -0.1325988E-03
  0.1638178E+03   -0.9977844E-04   -0.9977844E-04
  0.1629752E+03   -0.1445108E-03   -0.1445108E-03
  0.1620333E+03   -0.5888009E-04   -0.5888009E-04
  0.1616107E+03   -0.8602401E-04   -0.8602401E-04
  0.1614664E+03   -0.2440649E-03   -0.2440649E-03
  0.1607692E+03   -0.8782315E-04   -0.8782315E-04
  0.1596763E+03   -0.2495689E-03   -0.2495689E-03
  0.1592386E+03   -0.1869282E-03   -0.1869282E-03
  0.1594758E+03   -0.7938335E-04   -0.7938335E-04
  0.1583125E+03   -0.6879752E-04   -0.6879752E-04
  0.1577146E+03   -0.1290316E-03   -0.1290316E-03
  0.1573029E+03   -0.7765770E-04   -0.7765770E-04
  0.1563625E+03   -0.1185592E-03   -0.1185592E-03
  0.1560351E+03   -0.7385836E-04   -0.7385836E-04
  0.1558349E+03   -0.1688794E-03   -0.1688794E-03
  0.1551433E+03   -0.7032076E-04   -0.7032076E-04
  0.1544566E+03   -0.1026393E-03   -0.1026393E-03
  0.1540386E+03   -0.1661395E-03   -0.1661395E-03
  0.1526519E+03   -0.9724019E-04   -0.9724019E-04
  0.1521097E+03   -0.7819166E-04   -0.7819166E-04
  0.1518675E+03   -0.1853326E-03   -0.1853326E-03
  0.1514070E+03   -0.1080841E-03   -0.1080841E-03
  0.1504656E+03   -0.8544707E-04   -0.8544707E-04
  0.1500111E+03   -0.1909216E-03   -0.1909216E-03
  0.1493186E+03   -0.1600153E-03   -0.1600153E-03
  0.1491391E+03   -0.7409605E-04   -0.7409605E-04
  0.1481716E+03   -0.6832182E-04   -0.6832182E-04
  0.1477890E+03   -0.1328599E-03   -0.1328599E-03
  0.1466873E+03   -0.7144070E-04   -0.7144070E-04
  0.1463118E+03   -0.7259499E-04   -0.7259499E-04
  0.1457428E+03   -0.1721152E-03   -0.1721152E-03
  0.1447983E+03   -0.1413819E-03   -0.1413819E-03
  0.1444427E+03   -0.8562172E-04   -0.8562172E-04
  0.1441286E+03   -0.9291835E-04   -0.9291835E-04
  0.1430066E+03   -0.1394377E-03   -0.1394377E-03
  0.1436705E+03   -0.1022131E-03   -0.1022131E-03
  0.1437706E+03   -0.1530216E-03   -0.1530216E-03
  0.1410825E+03   -0.1572928E-03   -0.1572928E-03
  0.1407310E+03   -0.1412964E-03   -0.1412964E-03
  0.1395694E+03   -0.1086554E-03   -0.1086554E-03
  0.1389573E+03   -0.5459816E-04   -0.5459816E-04
  0.1387600E+03   -0.8749683E-04   -0.8749683E-04
  0.1385280E+03   -0.1889450E-03   -0.1889450E-03
  0.1382813E+03   -0.9655700E-04   -0.9655700E-04
  0.1373693E+03   -0.1005364E-03   -0.1005364E-03
  0.1367808E+03   -0.9355521E-04   -0.9355521E-04
  0.1362229E+03   -0.2132241E-03   -0.2132241E-03
  0.1358988E+03   -0.8691942E-04   -0.8691942E-04
  0.1356024E+03   -0.1531497E-03   -0.1531497E-03
  0.1339191E+03   -0.1093663E-03   -0.1093663E-03
  0.1336583E+03   -0.5827153E-04   -0.5827153E-04
  0.1335021E+03   -0.8034682E-04   -0.8034682E-04
  0.1331536E+03   -0.1371730E-03   -0.1371730E-03
  0.1312203E+03   -0.8052512E-04   -0.8052512E-04
  0.1308259E+03   -0.1484887E-03   -0.1484887E-03
  0.1295548E+03   -0.1032478E-03   -0.1032478E-03
  0.1292799E+03   -0.8076622E-04   -0.8076622E-04
  0.1290105E+03   -0.8082698E-04   -0.8082698E-04
  0.1286835E+03   -0.1144734E-03   -0.1144734E-03
  0.1284853E+03   -0.7566652E-04   -0.7566652E-04
  0.1278438E+03   -0.1538764E-03   -0.1538764E-03
  0.1268780E+03   -0.8287155E-04   -0.8287155E-04
  0.1269793E+03   -0.9884616E-04   -0.9884616E-04
  0.1251864E+03   -0.1239176E-03   -0.1239176E-03
  0.1248373E+03   -0.8361389E-04   -0.8361389E-04
  0.1236636E+03   -0.5847160E-04   -0.5847160E-04
  0.1231723E+03   -0.1152530E-03   -0.1152530E-03
  0.1228622E+03   -0.8430801E-04   -0.8430801E-04
  0.1224148E+03   -0.1866065E-03   -0.1866065E-03
  0.1219820E+03   -0.5019263E-04   -0.5019263E-04
  0.1213447E+03   -0.6408095E-04   -0.6408095E-04
  0.1209687E+03   -0.8606734E-04   -0.8606734E-04
  0.1196805E+03   -0.7331683E-04   -0.7331683E-04
  0.1192555E+03   -0.1791949E-03   -0.1791949E-03
  0.1191457E+03   -0.1035704E-03   -0.1035704E-03
  0.1188074E+03   -0.5801458E-04   -0.5801458E-04
  0.1174606E+03   -0.1135970E-03   -0.1135970E-03
  0.1173974E+03   -0.1263584E-03   -0.1263584E-03
  0.1157251E+03   -0.9479676E-04   -0.9479676E-04
  0.1164203E+03   -0.1722823E-03   -0.1722823E-03
  0.1163378E+03   -0.1194660E-03   -0.1194660E-03
  0.1148156E+03   -0.6099390E-04   -0.6099390E-04
  0.1141116E+03   -0.9964582E-04   -0.9964582E-04
  0.1142730E+03   -0.6266145E-04   -0.6266145E-04
  0.1132718E+03   -0.1364421E-03   -0.1364421E-03
  0.1125505E+03   -0.9757736E-04   -0.9757736E-04
  0.1127706E+03   -0.1099266E-03   -0.1099266E-03
  0.1110541E+03   -0.1017574E-03   -0.1017574E-03
  0.4861099E+02   -0.6706787E-04   -0.6706787E-04
  0.1104083E+03   -0.2068759E-03   -0.2068759E-03
  0.1101511E+03   -0.1052540E-03   -0.1052540E-03
  0.1096041E+03   -0.1178364E-03   -0.1178364E-03
  0.1097308E+03   -0.9891631E-04   -0.9891631E-04
  0.1098943E+03   -0.1037431E-03   -0.1037431E-03
  0.3783901E+02   -0.1136341E-03   -0.1136341E-03
  0.6036078E+02   -0.2598010E-03   -0.2598010E-03
  0.6048968E+02   -0.1394411E-03   -0.1394411E-03
  0.6072818E+02   -0.1460040E-03   -0.1460040E-03
  0.6108831E+02   -0.1111385E-03   -0.1111385E-03
  0.6151803E+02   -0.1182990E-03   -0.1182990E-03
  0.6209970E+02   -0.1103029E-03   -0.1103029E-03
  0.6264750E+02   -0.1114113E-03   -0.1114113E-03
  0.6343395E+02   -0.1307729E-03   -0.1307729E-03
  0.6396398E+02   -0.1215083E-03   -0.1215083E-03
 -0.2393437E+03   -0.1619634E-04   -0.1619634E-04
  0.3548800E+02   -0.1505678E-02   -0.1505678E-02
  0.3523130E+02   -0.1742298E-02   -0.1742298E-02
  0.3488813E+02   -0.6279959E-03   -0.6279959E-03
  0.3438813E+02   -0.5762010E-03   -0.5762010E-03
  0.3383647E+02   -0.5935333E-03   -0.5935333E-03
  0.3321140E+02   -0.3745967E-03   -0.3745967E-03
 -0.1733625E+03   -0.5623728E-04   -0.5623728E-04
  0.3247138E+02   -0.1217010E-02   -0.1217010E-02
  0.3249235E+02   -0.5255673E-03   -0.5255673E-03
  0.3213678E+02   -0.1770308E-03   -0.1770308E-03
  0.3168150E+02   -0.2360816E-03   -0.2360816E-03
  0.3123920E+02   -0.3615176E-03   -0.3615176E-03
  0.3091575E+02   -0.6898359E-03   -0.6898359E-03
  0.3071346E+02   -0.2175658E-03   -0.2175658E-03
  0.3019064E+02   -0.8732323E-03   -0.8732323E-03
  0.2990654E+02   -0.2258886E-03   -0.2258886E-03
  0.2940649E+02   -0.5124984E-03   -0.5124984E-03
  0.2924767E+02   -0.3859227E-03   -0.3859227E-03
  0.2855977E+02   -0.3190285E-03   -0.3190285E-03
  0.2823584E+02   -0.2848245E-03   -0.2848245E-03
  0.2811480E+02   -0.2201507E-03   -0.2201507E-03
  0.2807531E+02   -0.8306979E-03   -0.8306979E-03
  0.2708985E+02   -0.1774327E-03   -0.1774327E-03
  0.2730605E+02   -0.2336137E-03   -0.2336137E-03
  0.2662772E+02   -0.2279353E-03   -0.2279353E-03
  0.2620815E+02   -0.5804071E-03   -0.5804071E-03
  0.2587025E+02   -0.2465947E-03   -0.2465947E-03
  0.2541986E+02   -0.1250044E-03   -0.1250044E-03
  0.2502016E+02   -0.2120168E-03   -0.2120168E-03
 -0.9288376E+02   -0.2406260E-04   -0.2406260E-04
  0.2435757E+02   -0.2615413E-03   -0.2615413E-03
  0.2418008E+02   -0.1442246E-03   -0.1442246E-03
  0.2401492E+02   -0.2589118E-03   -0.2589118E-03
  0.2374595E+02   -0.2591183E-03   -0.2591183E-03
 -0.7767621E+02   -0.3384332E-04   -0.3384332E-04
  0.2267889E+02   -0.1413564E-03   -0.1413564E-03
  0.2242853E+02   -0.8790366E-04   -0.8790366E-04
  0.2213947E+02   -0.1956244E-03   -0.1956244E-03
  0.2144847E+02   -0.1879206E-03   -0.1879206E-03
  0.2125400E+02   -0.1302457E-04   -0.1302457E-04
  0.2092319E+02   -0.9271410E-04   -0.9271410E-04
  0.2065540E+02   -0.1783168E-03   -0.1783168E-03
  0.2040998E+02   -0.3886889E-03   -0.3886889E-03
  0.1963941E+02   -0.7473327E-04   -0.7473327E-04
  0.1911310E+02   -0.1551362E-03   -0.1551362E-03
  0.1897200E+02   -0.1750032E-03   -0.1750032E-03
  0.1813436E+02   -0.1005763E-03   -0.1005763E-03
  0.1796509E+02   -0.1716055E-03   -0.1716055E-03
  0.1729873E+02   -0.1817173E-03   -0.1817173E-03
  0.1684649E+02   -0.1134082E-03   -0.1134082E-03
  0.1678202E+02   -0.1449589E-03   -0.1449589E-03
  0.1618254E+02   -0.1264423E-03   -0.1264423E-03
  0.1579356E+02   -0.1854292E-03   -0.1854292E-03
  0.1523738E+02   -0.2789792E-03   -0.2789792E-03
  0.1409634E+02   -0.1380702E-03   -0.1380702E-03
  0.1370466E+02   -0.2599766E-03   -0.2599766E-03
  0.1332810E+02   -0.1651903E-03   -0.1651903E-03
  0.1279918E+02   -0.1651659E-03   -0.1651659E-03
  0.1151749E+02   -0.2234784E-03   -0.2234784E-03
  0.1224039E+02   -0.3160903E-03   -0.3160903E-03
  0.1240510E+02   -0.9734017E-04   -0.9734017E-04
 -0.3947638E+02   -0.1120456E-03   -0.1120456E-03
  0.1079279E+02   -0.1551840E-03   -0.1551840E-03
  0.1044331E+02   -0.2390866E-03   -0.2390866E-03
  0.1016208E+02   -0.1280980E-03   -0.1280980E-03
  0.1019664E+02   -0.2353365E-03   -0.2353365E-03
  0.9283582E+01   -0.3635189E-03   -0.3635189E-03
 -0.2631541E+02   -0.6206672E-04   -0.6206672E-04
  0.8652351E+01   -0.2195057E-03   -0.2195057E-03
  0.8077554E+01   -0.3990082E-03   -0.3990082E-03
 -0.2189148E+02   -0.1694603E-03   -0.1694603E-03
  0.7394674E+01   -0.1316936E-03   -0.1316936E-03
  0.7084811E+01   -0.5337200E-03   -0.5337200E-03
  0.6668223E+01   -0.2338789E-03   -0.2338789E-03
 -0.1139099E+02   -0.2168314E-03   -0.2168314E-03
  0.5843327E+01   -0.3886674E-03   -0.3886674E-03
  0.5684916E+01   -0.1003487E-03   -0.1003487E-03
  0.5352407E+01   -0.5279609E-03   -0.5279609E-03
  0.4953065E+01   -0.3472390E-03   -0.3472390E-03
  0.4756527E+01   -0.3112201E-03   -0.3112201E-03
  0.4301718E+01   -0.3151957E-03   -0.3151957E-03
 -0.4862265E+01   -0.1941227E-03   -0.1941227E-03
  0.3615888E+01   -0.3786147E-03   -0.3786147E-03
  0.3698928E+01   -0.2310538E-03   -0.2310538E-03
  0.3067812E+01   -0.6574259E-03   -0.6574259E-03
  0.2828231E+01   -0.4636907E-03   -0.4636907E-03
 -0.2998830E+01   -0.5407693E-03   -0.5407693E-03
  0.2110463E+01   -0.4657058E-03   -0.4657058E-03
  0.1677187E+01   -0.2192112E-03   -0.2192112E-03
  0.1757391E+01   -0.3525721E-03   -0.3525721E-03
 -0.1451371E+01   -0.7106471E-03   -0.7106471E-03
 -0.1150762E+01   -0.4049477E-03   -0.4049477E-03
  0.9556717E+00   -0.5127165E-03   -0.5127165E-03
 -0.3581573E+00   -0.3483499E-03   -0.3483499E-03
 -0.4199767E-01   -0.5627503E-03   -0.5627503E-03
  0.1082474E+03   -0.1159374E-03   -0.1159374E-03
  0.6499463E+02   -0.1670225E-03   -0.1670225E-03
  0.6519518E+02   -0.9638536E-04   -0.9638536E-04
  0.6607341E+02   -0.1556860E-03   -0.1556860E-03
  0.1073792E+03   -0.2066349E-03   -0.2066349E-03
  0.1069376E+03   -0.1222000E-03   -0.1222000E-03
  0.6678030E+02   -0.2096643E-03   -0.2096643E-03
  0.6759970E+02   -0.1214885E-03   -0.1214885E-03
  0.6776609E+02   -0.2212302E-03   -0.2212302E-03
  0.6832465E+02   -0.2148626E-03   -0.2148626E-03
  0.6860668E+02   -0.5049633E-03   -0.5049633E-03
  0.1061449E+03   -0.6173285E-04   -0.6173285E-04
  0.1057019E+03   -0.1279962E-03   -0.1279962E-03
  0.6928695E+02   -0.9912701E-04   -0.9912701E-04
  0.6961188E+02   -0.2276617E-03   -0.2276617E-03
  0.7020869E+02   -0.8142744E-04   -0.8142744E-04
  0.7066418E+02   -0.2386525E-03   -0.2386525E-03
  0.7122695E+02   -0.1642675E-03   -0.1642675E-03
  0.1045447E+03   -0.1184950E-03   -0.1184950E-03
  0.1047104E+03   -0.3461501E-03   -0.3461501E-03
  0.7223773E+02   -0.1283772E-03   -0.1283772E-03
  0.7253702E+02   -0.9811653E-04   -0.9811653E-04
  0.7295525E+02   -0.1849271E-03   -0.1849271E-03
  0.7346178E+02   -0.2359427E-03   -0.2359427E-03
  0.1034797E+03   -0.1288416E-03   -0.1288416E-03
  0.1034053E+03   -0.2072058E-03   -0.2072058E-03
  0.7410441E+02   -0.2123079E-03   -0.2123079E-03
  0.7437230E+02   -0.1614311E-03   -0.1614311E-03
  0.7498489E+02   -0.8355582E-04   -0.8355582E-04
  0.7518365E+02   -0.1131873E-03   -0.1131873E-03
  0.7561278E+02   -0.7177836E-04   -0.7177836E-04
  0.7628175E+02   -0.1830667E-03   -0.1830667E-03
  0.7648095E+02   -0.1428514E-03   -0.1428514E-03
  0.7683473E+02   -0.1331368E-03   -0.1331368E-03
  0.1024675E+03   -0.1303728E-03   -0.1303728E-03
  0.1023589E+03   -0.1448023E-03   -0.1448023E-03
  0.7742506E+02   -0.1806583E-03   -0.1806583E-03
  0.7793999E+02   -0.1823065E-03   -0.1823065E-03
  0.7859587E+02   -0.7800947E-04   -0.7800947E-04
  0.7848934E+02   -0.7283236E-04   -0.7283236E-04
  0.7923326E+02   -0.1505171E-03   -0.1505171E-03
  0.1015064E+03   -0.1097739E-03   -0.1097739E-03
  0.1014485E+03   -0.1263639E-03   -0.1263639E-03
  0.1006186E+03   -0.1134343E-03   -0.1134343E-03
  0.8013346E+02   -0.2067166E-03   -0.2067166E-03
  0.8047540E+02   -0.2373006E-03   -0.2373006E-03
  0.8079717E+02   -0.2496814E-03   -0.2496814E-03
  0.8125929E+02   -0.8499869E-04   -0.8499869E-04
  0.8143487E+02   -0.1568810E-03   -0.1568810E-03
  0.8194863E+02   -0.2423814E-03   -0.2423814E-03
  0.8164376E+02   -0.8147546E-04   -0.8147546E-04
  0.8166214E+02   -0.9860196E-04   -0.9860196E-04
  0.9983097E+02   -0.1170154E-03   -0.1170154E-03
  0.8278995E+02   -0.2410629E-03   -0.2410629E-03
  0.8324376E+02   -0.1681995E-03   -0.1681995E-03
  0.9939239E+02   -0.2118175E-03   -0.2118175E-03
  0.8375114E+02   -0.1088767E-03   -0.1088767E-03
  0.8402339E+02   -0.9415818E-04   -0.9415818E-04
  0.8418752E+02   -0.5462518E-04   -0.5462518E-04
  0.8482379E+02   -0.2001960E-03   -0.2001960E-03
  0.8496874E+02   -0.1511130E-03   -0.1511130E-03
  0.8516477E+02   -0.1286100E-03   -0.1286100E-03
  0.9896615E+02   -0.1132292E-03   -0.1132292E-03
  0.9860830E+02   -0.4384234E-04   -0.4384234E-04
  0.8584517E+02   -0.2000723E-03   -0.2000723E-03
  0.8578913E+02   -0.9046921E-04   -0.9046921E-04
  0.8631664E+02   -0.8499759E-04   -0.8499759E-04
  0.8673212E+02   -0.1805575E-03   -0.1805575E-03
  0.8705754E+02   -0.6944063E-04   -0.6944063E-04
  0.9813986E+02   -0.2170177E-03   -0.2170177E-03
  0.8760760E+02   -0.2015137E-03   -0.2015137E-03
  0.9793779E+02   -0.3210260E-03   -0.3210260E-03
  0.8803997E+02   -0.2407910E-03   -0.2407910E-03
  0.8826790E+02   -0.8456282E-04   -0.8456282E-04
  0.8853016E+02   -0.3634091E-03   -0.3634091E-03
  0.9743773E+02   -0.2184060E-03   -0.2184060E-03
  0.8915034E+02   -0.9033318E-04   -0.9033318E-04
  0.9713235E+02   -0.6237065E-04   -0.6237065E-04
  0.8955750E+02   -0.7099048E-04   -0.7099048E-04
  0.8960605E+02   -0.6069834E-04   -0.6069834E-04
  0.9687796E+02   -0.1286547E-03   -0.1286547E-03
  0.9000192E+02   -0.1997007E-03   -0.1997007E-03
  0.9017653E+02   -0.9041174E-04   -0.9041174E-04
  0.9044908E+02   -0.7923698E-04   -0.7923698E-04
  0.9671351E+02   -0.2009260E-03   -0.2009260E-03
  0.9653164E+02   -0.1471079E-03   -0.1471079E-03
  0.9088458E+02   -0.7332259E-04   -0.7332259E-04
  0.9113762E+02   -0.9522771E-04   -0.9522771E-04
  0.9621919E+02   -0.1054370E-03   -0.1054370E-03
  0.9600879E+02   -0.2945243E-03   -0.2945243E-03
  0.9592111E+02   -0.8044545E-04   -0.8044545E-04
  0.9132295E+02   -0.1358756E-03   -0.1358756E-03
  0.9152175E+02   -0.1118370E-03   -0.1118370E-03
  0.9559515E+02   -0.1317821E-03   -0.1317821E-03
  0.9545781E+02   -0.1015585E-03   -0.1015585E-03
  0.9524179E+02   -0.1752434E-03   -0.1752434E-03
  0.9177861E+02   -0.1140457E-03   -0.1140457E-03
  0.9188877E+02   -0.1962364E-03   -0.1962364E-03
  0.9204435E+02   -0.2255463E-03   -0.2255463E-03
  0.9215556E+02   -0.3141354E-03   -0.3141354E-03
  0.9231029E+02   -0.1776026E-03   -0.1776026E-03
  0.9243276E+02   -0.2323940E-03   -0.2323940E-03
  0.9504778E+02   -0.1991955E-03   -0.1991955E-03
  0.9268678E+02   -0.2167029E-03   -0.2167029E-03
  0.9275346E+02   -0.1123604E-03   -0.1123604E-03
  0.9281633E+02   -0.3976037E-03   -0.3976037E-03
  0.9293991E+02   -0.2775778E-03   -0.2775778E-03
  0.9305259E+02   -0.1951365E-03   -0.1951365E-03
  0.9314879E+02   -0.3257780E-03   -0.3257780E-03
  0.9328530E+02   -0.6395995E-03   -0.6395995E-03
  0.9347045E+02   -0.6863071E-03   -0.6863071E-03
  0.9377996E+02   -0.2001900E-03   -0.2001900E-03
  0.9376427E+02   -0.4130622E-03   -0.4130622E-03
  0.9417112E+02   -0.1083655E-03   -0.1083655E-03
  0.9427473E+02   -0.3088964E-04   -0.3088964E-04
  0.9487087E+02   -0.2769119E-03   -0.2769119E-03
  0.9448012E+02   -0.5431972E-03   -0.5431972E-03
  0.9473227E+02   -0.1661134E-03   -0.1661134E-03
  0.9457908E+02   -0.2221854E-03   -0.2221854E-03
  0.9462334E+02   -0.3917717E-03   -0.3917717E-03
  0.9465598E+02   -0.2203541E-03   -0.2203541E-03
